468
43.4691 8.36043 19.1052
42.678 8.37325 19.5727
41.8627 8.365 19.5741
41.0375 8.35298 19.4933
44.2896 9.03745 19.336
43.495 9.0439 19.6936
42.6819 9.0353 19.644
41.8622 9.02563 19.5665
41.0431 9.01885 19.5681
40.2042 9.00498 19.38
49.9858 9.63184 15.7869
49.1135 9.68464 17.8428
48.2978 9.70191 18.6362
47.4971 9.70452 18.9108
46.6987 9.71104 19.3223
45.8995 9.70652 19.3456
45.1031 9.7091 19.6181
44.3032 9.70719 19.7334
43.4945 9.70048 19.6822
42.6813 9.69379 19.6325
41.8614 9.68625 19.5545
41.0377 9.67924 19.4959
40.2188 9.67553 19.5521
39.3703 9.6636 19.3262
21.7554 9.14377 5.06512
20.7777 9.1456 5.35253
19.7229 9.13922 5.36885
21.4249 9.5 17.6682
20.7762 9.52095 18.5528
19.8382 9.51411 18.5264
18.8947 9.5072 18.4988
49.9744 10.3149 16.1091
49.1032 10.3544 18.2481
48.2938 10.3636 18.8869
47.4956 10.3654 19.1602
46.699 10.3665 19.3944
45.9031 10.3671 19.6053
45.1051 10.3653 19.7008
44.3025 10.3618 19.7126
43.4948 10.3576 19.6872
42.6806 10.3525 19.6211
41.8623 10.3476 19.5681
41.0309 10.3404 19.4037
40.2135 10.3384 19.4898
39.3767 10.3325 19.3933
38.5265 10.3252 19.2244
37.6798 10.3197 19.1494
36.8278 10.3143 19.0763
35.9739 10.3094 19.0288
35.1105 10.3038 18.9503
34.24 10.298 18.8629
33.381 10.2943 18.8784
32.4797 10.2861 18.679
31.615 10.2828 18.7164
30.7311 10.2779 18.6742
29.8058 10.2692 18.4608
28.9131 10.2645 18.4334
28.0166 10.2599 18.41
27.1098 10.2548 18.3645
26.1871 10.2487 18.2771
21.9891 9.97871 5.94102
20.9457 9.97419 5.95667
19.8744 9.96793 5.89264
22.4151 10.2229 17.8679
21.6959 10.2332 18.5369
20.7764 10.2293 18.5533
19.8216 10.2233 18.4767
18.8968 10.2196 18.5048
17.933 10.2137 18.435
49.9597 10.994 16.526
49.0985 11.0148 18.4323
48.2926 11.0191 18.9647
47.4952 11.0202 19.2358
46.6993 11.0207 19.4598
45.9035 11.0206 19.6304
45.1055 11.0194 19.7173
44.3017 11.0169 19.6918
43.4938 11.0143 19.6663
42.6816 11.0117 19.6382
41.8619 11.0085 19.5622
41.0384 11.0055 19.5043
40.2113 11.0027 19.4636
39.3796 10.9999 19.4238
38.539 10.9966 19.3425
37.6922 10.9932 19.2569
36.8416 10.9899 19.1854
35.9933 10.9874 19.1703
35.1411 10.9849 19.1583
34.279 10.9819 19.1097
33.4131 10.979 19.0687
32.5357 10.9756 18.9916
31.6557 10.9724 18.9301
30.7736 10.9694 18.8856
29.8871 10.9664 18.8445
28.9917 10.9632 18.7863
28.0956 10.9603 18.7482
27.1923 10.9572 18.7015
26.2806 10.954 18.6428
25.3643 10.9507 18.5878
24.4424 10.9475 18.5325
23.5282 10.9448 18.5235
22.6115 10.9423 18.5212
21.7135 10.9406 18.5933
20.7653 10.9371 18.5192
19.8208 10.9339 18.4742
18.8924 10.9316 18.4921
17.9279 10.928 18.4206
16.939 10.9238 18.3001
49.943 11.6666 16.999
49.094 11.6723 18.6076
48.2914 11.6733 19.0423
47.4947 11.6737 19.3077
46.6994 11.6736 19.4782
45.9037 11.6736 19.6487
45.105 11.673 19.6966
44.301 11.6722 19.6709
43.4929 11.6713 19.6454
42.6797 11.6704 19.6045
41.8611 11.6694 19.5484
41.0403 11.6686 19.5302
40.2152 11.6678 19.5103
39.386 11.6669 19.4902
38.5502 11.666 19.4493
37.7047 11.6648 19.3641
36.8574 11.6638 19.3106
36.0091 11.6629 19.2856
35.1528 11.662 19.2375
34.2915 11.661 19.1892
33.4252 11.66 19.1405
32.5537 11.659 19.0916
31.6861 11.6581 19.0903
30.8001 11.657 19.0179
29.9062 11.6559 18.9345
29.0154 11.6549 18.8926
28.1243 11.654 18.8711
27.2262 11.653 18.84
26.3146 11.6519 18.7758
25.3985 11.6508 18.716
24.4833 11.6498 18.6798
23.5737 11.649 18.6809
22.6524 11.648 18.6573
21.7043 11.6468 18.5641
20.7566 11.6456 18.4923
19.8309 11.6448 18.5045
18.888 11.6438 18.4794
17.9228 11.6426 18.4063
16.9283 11.6411 18.271
15.8093 11.6383 17.8294
14.7403 11.6362 17.5533
13.6587 11.6341 17.2739
49.9464 12.3338 16.9038
49.0965 12.3281 18.5102
48.2913 12.3266 19.0509
47.4948 12.3263 19.3052
46.6994 12.3264 19.4776
45.9038 12.3264 19.65
45.1045 12.327 19.6758
44.3003 12.3279 19.6501
43.4916 12.3288 19.6164
42.6781 12.3297 19.5741
41.8609 12.3306 19.5456
41.0401 12.3314 19.5277
40.215 12.3323 19.5078
39.3857 12.3331 19.4877
38.5522 12.334 19.4675
37.7143 12.3348 19.4472
36.8701 12.3357 19.4106
36.0199 12.3367 19.3644
35.1645 12.3377 19.3166
34.3041 12.3387 19.2685
33.4386 12.3397 19.2201
32.568 12.3407 19.1715
31.6923 12.3417 19.1225
30.8124 12.3427 19.0789
29.9242 12.3438 19.0196
29.0385 12.3447 18.9963
28.1444 12.3457 18.9573
27.2453 12.3467 18.918
26.3409 12.3477 18.8785
25.4313 12.3487 18.8388
24.5157 12.3497 18.7964
23.5946 12.3507 18.7529
22.667 12.3518 18.7058
21.7156 12.3531 18.6003
20.757 12.3544 18.4934
19.8127 12.3555 18.4502
18.87 12.3564 18.4273
17.9175 12.3575 18.3914
16.9251 12.3589 18.2623
15.9144 12.3605 18.1053
14.8592 12.3625 17.8561
13.7767 12.3647 17.5656
12.5859 12.3679 17.0433
50.0788 13.0468 13.1515
49.1142 12.9926 17.8174
48.2964 12.9838 18.7228
47.4959 12.9813 19.1129
46.6987 12.9811 19.3112
45.9017 12.981 19.5041
45.1045 12.9811 19.6769
44.3007 12.9835 19.6609
43.4915 12.9864 19.6131
42.6783 12.9891 19.577
41.8607 12.9918 19.5428
41.0399 12.9942 19.5252
40.2148 12.9968 19.5052
39.3855 12.9993 19.4851
38.5494 13.0022 19.4414
37.7092 13.005 19.4033
36.8657 13.0077 19.3758
36.0169 13.0104 19.3428
35.1623 13.0133 19.3016
34.3028 13.0162 19.2601
33.4383 13.0191 19.2184
32.5689 13.0221 19.1765
31.6945 13.025 19.1343
30.8151 13.028 19.0924
29.9316 13.0309 19.0545
29.0423 13.0339 19.0133
28.147 13.0369 18.9681
27.2464 13.04 18.9226
26.3405 13.043 18.8768
25.4292 13.0461 18.831
24.5215 13.0488 18.8172
23.6092 13.0515 18.8034
22.6787 13.0548 18.7451
21.727 13.0588 18.6366
20.7685 13.0628 18.5291
19.8091 13.0665 18.4394
18.8657 13.0694 18.4149
17.9151 13.0725 18.3847
16.9319 13.0765 18.2808
15.9378 13.0806 18.1667
14.9077 13.0858 17.9797
13.8504 13.0915 17.7479
12.707 13.0997 17.3339
48.3157 13.6646 17.4943
47.4985 13.6446 18.6644
46.6977 13.6399 19.0786
45.8986 13.6395 19.2798
45.0998 13.6392 19.481
44.3007 13.6392 19.6606
43.4926 13.6434 19.6373
42.6788 13.6482 19.5876
41.8609 13.6529 19.5454
41.0397 13.6571 19.5227
40.2134 13.6617 19.4884
39.3801 13.6667 19.4291
38.5437 13.6715 19.3872
37.7042 13.6759 19.3598
36.8602 13.6804 19.3323
36.0116 13.6849 19.3044
35.1583 13.6894 19.2746
34.2985 13.6943 19.233
33.4337 13.6991 19.1912
32.564 13.704 19.1492
31.6899 13.7088 19.1104
30.8112 13.7137 19.0727
29.9274 13.7185 19.0348
29.0386 13.7234 18.9967
28.1447 13.7284 18.9583
27.2441 13.7335 18.9133
26.3381 13.7386 18.8675
25.4294 13.7435 18.8316
24.5217 13.748 18.8179
23.6044 13.7529 18.7869
22.6804 13.7579 18.7506
21.7379 13.7639 18.6716
20.7801 13.7705 18.5649
19.8216 13.7767 18.4768
18.8806 13.7815 18.4581
17.9124 13.7876 18.3772
16.9328 13.794 18.2831
15.9389 13.801 18.1694
14.9163 13.8091 18.0014
13.8407 13.8197 17.7239
12.7092 13.8328 17.3392
46.6926 14.3319 17.8123
45.8907 14.3114 18.7162
45.0878 14.3091 18.9805
44.2854 14.3078 19.2096
43.4806 14.3086 19.3667
42.6684 14.3131 19.3945
41.8491 14.3193 19.3629
41.0255 14.3255 19.3322
40.1981 14.3315 19.3087
39.3669 14.3375 19.2901
38.5337 14.3428 19.2926
37.696 14.3483 19.2891
36.8543 14.3539 19.2856
36.0057 14.3601 19.2608
35.1521 14.3664 19.2325
34.2939 14.3728 19.2039
33.4294 14.3795 19.1656
32.5603 14.3862 19.1283
31.6862 14.393 19.0907
30.8072 14.3997 19.053
29.9232 14.4066 19.015
29.0342 14.4134 18.9768
28.14 14.4203 18.9384
27.2408 14.4272 18.8998
26.3357 14.4343 18.8581
25.429 14.441 18.8302
24.5088 14.4486 18.7715
23.5828 14.4563 18.7123
22.6607 14.4631 18.6849
21.7396 14.4693 18.6771
20.7916 14.4776 18.6006
19.8381 14.4859 18.5259
18.878 14.4943 18.4506
17.9097 14.5029 18.3696
16.9337 14.5116 18.2855
15.9229 14.5226 18.1276
14.8961 14.5343 17.9501
13.831 14.5484 17.6999
12.6832 14.5679 17.2769
44.1167 15.15 14.2489
43.4253 15.0145 18.1116
42.626 15.0029 18.6121
41.8122 15.0032 18.7901
40.9922 15.0065 18.8859
40.1634 15.0129 18.899
39.3273 15.0208 18.8742
38.4899 15.0277 18.8777
37.6496 15.0343 18.8893
36.8097 15.0397 18.933
35.972 15.0437 19.0151
35.1892 15.0331 19.4839
34.3312 15.0418 19.4402
33.4498 15.0548 19.2863
32.5398 15.0723 19.0143
31.6615 15.0816 18.9607
30.7796 15.0906 18.9158
29.8926 15.0997 18.8706
29.0086 15.1074 18.8619
28.1142 15.1161 18.8277
27.2147 15.1248 18.7933
26.3106 15.1336 18.7601
25.4044 15.142 18.7381
24.4881 15.1511 18.697
23.5612 15.161 18.6376
22.6409 15.1694 18.619
21.7138 15.178 18.5946
20.7692 15.1882 18.5311
19.82 15.1983 18.4719
18.8517 15.2099 18.3747
17.8855 15.2206 18.3021
16.9126 15.2315 18.2283
15.9 15.2458 18.0675
14.8735 15.2607 17.8925
13.8211 15.2775 17.6755
12.6228 15.3073 17.1319
39.1913 15.7574 17.4446
38.3624 15.7558 17.6697
37.5782 15.7368 18.2733
36.75 15.7369 18.4607
35.9528 15.7265 18.8748
35.1933 15.7058 19.5119
34.3878 15.7012 19.798
33.505 15.7185 19.6136
32.5228 15.7595 18.9192
31.5679 15.7894 18.4684
30.6876 15.7988 18.4577
29.8029 15.8083 18.4469
28.9137 15.8179 18.4361
28.0256 15.8264 18.4485
27.1372 15.8342 18.4766
26.2389 15.8432 18.4798
25.3324 15.853 18.4682
24.422 15.8627 18.4593
23.507 15.8724 18.4503
22.5884 15.882 18.4443
21.6439 15.895 18.3704
20.6971 15.9074 18.3082
19.7628 15.9172 18.3009
18.8179 15.928 18.2768
17.856 15.9403 18.2195
16.8823 15.9535 18.1464
15.8724 15.9706 17.9949
14.826 15.9912 17.7715
13.7424 16.0153 17.481
12.5623 16.0494 16.9864
37.2944 16.5489 15.8251
36.6474 16.4604 17.649
35.8533 16.4436 18.148
35.1227 16.4057 19.0333
34.4177 16.3638 19.9873
33.535 16.3848 19.7917
32.3795 16.4869 18.1207
31.4934 16.4999 18.0768
30.6073 16.5116 18.0583
29.7166 16.5233 18.0398
28.8213 16.5351 18.0211
27.9213 16.5469 18.0025
27.0209 16.5578 18.0012
26.1159 16.5689 17.999
25.206 16.5801 17.9946
24.2877 16.5921 17.9763
23.3663 16.6039 17.9636
22.4413 16.6155 17.955
21.5123 16.627 17.9484
20.5591 16.642 17.8813
19.608 16.6558 17.8385
18.6358 16.6721 17.7509
17.6013 16.6974 17.5076
16.6029 16.7157 17.3901
15.5552 16.7403 17.1627
14.4793 16.7677 16.889
36.2426 17.3475 14.4458
35.7344 17.1819 17.2788
34.9632 17.1516 17.9513
34.1384 17.1467 18.2204
33.2804 17.1549 18.2825
32.3116 17.2013 17.742
31.4191 17.2171 17.6861
30.5286 17.2307 17.6665
29.6334 17.2443 17.6469
28.7319 17.2585 17.6197
27.8248 17.273 17.5892
26.9209 17.2853 17.5924
26.01 17.2985 17.5849
25.0912 17.3125 17.5645
24.1647 17.3272 17.5338
23.2328 17.3421 17.5022
22.2845 17.3595 17.4333
21.3281 17.3774 17.3579
20.3217 17.4042 17.1469
19.3302 17.4265 17.0087
18.2289 17.4681 16.5757
34.7084 17.9619 16.2232
33.9859 17.902 17.2554
33.1378 17.9028 17.4368
32.2367 17.9248 17.3248
31.3442 17.9411 17.2925
30.4462 17.9577 17.2567
29.5435 17.9743 17.2225
28.6358 17.9909 17.1881
27.723 18.0077 17.1539
26.8115 18.0227 17.1452
25.8963 18.0374 17.1403
24.9658 18.0552 17.0947
24.028 18.0736 17.0424
23.0793 18.0935 16.9717
22.1104 18.1169 16.8539
21.1125 18.1455 16.6664
20.0589 18.1851 16.3338
33.4245 18.8804 13.7033
33.0117 18.6572 16.6895
32.1616 18.6554 16.9061
31.2582 18.6764 16.8401
30.3492 18.6976 16.7738
29.4407 18.7164 16.7373
28.5274 18.7352 16.7014
27.6086 18.7543 16.6643
26.6855 18.7732 16.6303
25.7574 18.7921 16.597
24.8284 18.8098 16.5796
23.8801 18.8318 16.5102
22.8831 18.8661 16.2933
21.8191 18.9164 15.8849
31.1099 19.4486 16.0602
30.2518 19.4458 16.2895
29.3368 19.4672 16.2466
28.4175 19.4884 16.2083
27.493 19.5097 16.1695
26.5636 19.531 16.1325
25.6048 19.5609 16.0004
24.6345 19.5923 15.8534
