333
34.7401 5.65017 18.6721
33.8172 5.61661 18.7593
34.4677 5.61962 7.13224
33.5603 5.60177 7.4136
32.511 5.56334 7.44084
35.6851 6.35277 18.6408
34.8034 6.32738 18.7793
33.8416 6.29188 18.7997
32.9081 6.26139 18.8858
40.4393 6.78796 11.2458
40.4964 6.90283 13.391
40.3573 6.9851 15.0427
40.0192 7.03628 16.2313
39.5756 7.07104 17.1752
38.9371 7.07823 17.7203
38.1892 7.07072 18.0561
37.4143 7.05997 18.3477
36.6023 7.04488 18.5806
35.732 7.02302 18.7222
34.7949 6.99371 18.7649
33.8475 6.96414 18.8095
32.8692 6.93189 18.8228
31.923 6.90445 18.907
15.5266 6.37288 19.3001
14.7883 6.37767 19.8634
40.5079 7.49174 11.3957
40.581 7.59313 13.5709
40.3997 7.65898 15.1303
40.0973 7.70759 16.3889
39.6276 7.73441 17.2773
38.9679 7.73806 17.7794
38.2087 7.73019 18.0925
37.4369 7.72118 18.3888
36.6145 7.7069 18.6022
35.7188 7.68519 18.6993
34.7974 7.66148 18.7692
33.8387 7.63467 18.795
32.8229 7.60287 18.748
31.9393 7.58551 18.9327
30.8696 7.55016 18.8424
29.8478 7.52064 18.849
28.8278 7.4922 18.8784
27.8069 7.46456 18.9258
26.7801 7.4372 18.9831
25.6469 7.40086 18.9115
24.6343 7.37654 19.0263
23.4305 7.33579 18.9035
22.3414 7.30635 18.9549
13.0335 6.56231 8.60323
16.3995 7.12999 18.8914
15.9884 7.16072 19.8277
14.8348 7.13105 19.9155
13.687 7.1026 20.0263
40.1432 8.06341 8.47145
40.6795 8.20403 11.7704
40.6825 8.28194 13.7867
40.4933 8.33663 15.3241
40.1691 8.37532 16.5336
39.684 8.39633 17.3883
39.001 8.39701 17.8428
38.2356 8.38969 18.1428
37.445 8.38022 18.4035
36.6167 8.36759 18.6062
35.7056 8.34779 18.6763
34.7842 8.32775 18.7467
33.831 8.30557 18.7821
32.888 8.28503 18.8533
31.9392 8.26465 18.9326
30.9407 8.24075 18.9522
29.9176 8.21556 18.9542
28.9192 8.19318 19.0134
27.9201 8.17143 19.0892
26.8903 8.14791 19.1388
25.8511 8.12436 19.1937
24.7794 8.099 19.2225
23.7147 8.0749 19.2795
22.625 8.04963 19.3222
21.5372 8.02522 19.3857
20.423 7.99956 19.434
19.2936 7.97352 19.4821
18.1679 7.94844 19.5527
17.0724 7.92614 19.6761
16.0006 7.90606 19.8415
14.8028 7.87794 19.8797
13.6721 7.85505 20.01
12.4315 7.82546 20.0373
40.2871 8.79226 8.79436
40.5614 8.88368 11.5127
40.6034 8.95105 13.6187
40.4786 9.00144 15.2937
40.198 9.03678 16.5921
39.6656 9.05003 17.352
39.0205 9.05367 17.8802
38.2384 9.04633 18.148
37.4505 9.03879 18.4136
36.6038 9.02704 18.5833
35.6924 9.01084 18.6534
34.7627 8.99385 18.7103
33.8221 8.97664 18.7674
32.8848 8.96025 18.8481
31.9359 8.94358 18.9274
30.9765 8.92672 19.0075
29.987 8.90836 19.0592
28.9881 8.88993 19.1151
27.9722 8.87096 19.1645
26.9439 8.85176 19.2145
25.9028 8.83232 19.2651
24.861 8.8134 19.3328
23.7855 8.79295 19.3733
22.7035 8.77268 19.4238
21.6341 8.75374 19.5086
20.5284 8.73318 19.5649
19.3962 8.71162 19.6068
18.2921 8.69227 19.7007
17.1714 8.67249 19.7915
15.9724 8.64882 19.8093
14.8299 8.62891 19.9099
13.6572 8.60786 19.9937
12.3932 8.58239 19.9961
10.6956 8.53437 19.562
40.1742 9.54933 10.667
40.2248 9.60287 12.8137
40.1444 9.64553 14.6018
39.8797 9.6745 15.95
39.5538 9.69842 17.1323
38.8899 9.70021 17.6299
38.154 9.6975 17.9902
37.3769 9.69239 18.2794
36.5863 9.68666 18.552
35.6933 9.67515 18.655
34.7585 9.66164 18.7032
33.82 9.64839 18.764
32.8816 9.63557 18.8429
31.9326 9.6226 18.9222
30.9699 9.60932 18.9973
29.9845 9.59526 19.0554
28.9966 9.5815 19.1276
27.9888 9.56716 19.1885
26.9691 9.55264 19.2501
25.9371 9.53795 19.3124
24.8926 9.52308 19.3755
23.8355 9.50804 19.4394
22.7637 9.49273 19.5019
21.6778 9.47718 19.564
20.5784 9.46145 19.6269
19.4651 9.44551 19.6906
18.3529 9.43005 19.773
17.2075 9.41354 19.8335
15.9878 9.39421 19.8269
14.784 9.37606 19.8586
13.6185 9.36002 19.9512
12.3792 9.34127 19.981
11.0136 9.31774 19.897
9.46763 9.28738 19.6504
39.2019 10.2381 10.639
39.3414 10.28 12.9392
39.1451 10.3047 14.468
38.9762 10.3296 15.9966
38.5545 10.3422 16.9869
37.998 10.3485 17.6985
37.2528 10.3463 18.0531
36.4721 10.3428 18.3487
35.6684 10.3384 18.6117
34.7673 10.3301 18.7181
33.8201 10.3203 18.7641
32.8784 10.311 18.8378
31.9091 10.3009 18.885
30.9301 10.2908 18.9359
29.9546 10.2812 19.0102
28.968 10.2714 19.0853
27.9685 10.2615 19.1591
26.9482 10.2511 19.2206
25.9156 10.2406 19.2828
24.8719 10.23 19.3475
23.8179 10.2194 19.4162
22.7512 10.2087 19.4857
21.6679 10.1977 19.5514
20.5682 10.1864 19.6143
19.4622 10.1753 19.687
18.3656 10.1647 19.7881
17.2373 10.1535 19.8684
16.0161 10.1396 19.8593
14.7923 10.126 19.8679
13.6362 10.1148 19.9706
12.385 10.1011 19.9873
11.0912 10.0864 19.9787
9.62945 10.0672 19.8174
7.61081 10.0322 19.1195
37.57 10.9387 11.2906
37.6609 10.9617 13.4106
37.4906 10.9767 14.9477
37.2314 10.9888 16.2654
36.8672 10.9978 17.3499
36.1393 10.9972 17.7565
35.3799 10.9958 18.1105
34.5943 10.9938 18.4247
33.6665 10.9885 18.5096
32.7287 10.983 18.5955
31.7809 10.9776 18.6822
30.8416 10.9725 18.799
29.8874 10.9672 18.9087
28.9234 10.9619 19.0195
27.9386 10.9563 19.1159
26.9273 10.9502 19.1911
25.8971 10.944 19.2572
24.8552 10.9377 19.3249
23.8008 10.9313 19.3935
22.7336 10.9248 19.4629
21.6535 10.9183 19.5332
20.558 10.9116 19.6016
19.46 10.9051 19.6843
18.327 10.8981 19.7422
17.1962 10.8913 19.8203
16.0444 10.8843 19.8916
14.828 10.8763 19.9079
13.6262 10.8687 19.9596
12.3834 10.8606 19.9855
11.0602 10.8513 19.9461
9.59877 10.8398 19.7858
7.64302 10.8199 19.1521
33.4928 11.63 9.27622
34.5547 11.6459 13.1324
34.3497 11.6505 14.5715
34.0777 11.6544 15.8483
33.7124 11.6574 16.9288
33.2369 11.6594 17.798
32.4194 11.6586 18.095
31.5328 11.6573 18.29
30.5828 11.6555 18.3991
29.621 11.6537 18.5063
28.7414 11.6526 18.7507
28.0922 11.6532 19.3377
27.1366 11.6516 19.4867
25.8966 11.648 19.2565
24.7269 11.645 19.1514
23.6736 11.6429 19.2253
22.6411 11.641 19.3431
21.5737 11.6389 19.432
20.4861 11.6367 19.5123
19.3964 11.6346 19.607
18.2623 11.6323 19.6652
17.1391 11.6301 19.7538
16.0016 11.6278 19.8428
14.8097 11.6253 19.8874
13.5803 11.6226 19.9093
12.35 11.62 19.9497
10.9994 11.6167 19.882
9.56807 11.6131 19.7541
30.1325 12.372 10.8568
30.5505 12.3623 13.3479
30.4166 12.3573 14.854
30.1659 12.3534 16.1288
29.8325 12.3503 17.2397
29.282 12.3488 17.9942
28.5263 12.349 18.433
27.9924 12.3475 19.1937
27.3743 12.3467 19.8225
25.7668 12.3529 19.0771
24.4043 12.3573 18.7152
23.3695 12.3592 18.8227
22.3242 12.3612 18.9327
21.2926 12.363 19.0755
20.242 12.3649 19.2093
19.163 12.3669 19.3233
18.0749 12.3689 19.442
16.9772 12.371 19.565
15.8045 12.3734 19.6176
14.6669 12.3756 19.7275
13.4964 12.3779 19.8173
12.2719 12.3805 19.8658
10.9273 12.3837 19.8061
9.43996 12.3877 19.6218
28.7256 13.131 10.325
29.0873 13.1035 12.7029
29.1175 13.0847 14.4712
29.0104 13.0697 15.9694
28.7774 13.0579 17.2321
28.1945 13.0544 17.943
27.6376 13.0504 18.6812
27.31 13.0415 19.7316
25.1749 13.0714 18.2592
24.1302 13.0775 18.3446
23.0831 13.0835 18.4438
22.0243 13.0896 18.5441
20.9571 13.0957 18.6502
19.8824 13.1017 18.7629
18.7924 13.1079 18.8728
17.6876 13.1142 18.981
16.5798 13.1204 19.1016
15.4071 13.1277 19.1636
14.2123 13.1351 19.2188
12.8298 13.1458 19.0863
11.5649 13.1542 19.106
10.0694 13.1664 18.9026
27.2865 13.9106 9.78893
27.695 13.8633 12.2219
27.8509 13.8272 14.1776
27.8378 13.7987 15.8128
27.6394 13.7779 17.1232
26.9362 13.7762 17.6682
25.9732 13.784 17.8432
24.9049 13.7952 17.886
23.8528 13.8056 17.9694
22.79 13.816 18.0559
21.7149 13.8265 18.1434
20.6546 13.8363 18.2666
19.5736 13.8464 18.3795
18.4453 13.8578 18.4508
17.2994 13.8695 18.5188
16.1002 13.8826 18.5423
14.7191 13.901 18.3777
26.1448 14.6497 11.5413
26.399 14.5942 13.6393
26.4402 14.5514 15.3521
26.3666 14.5159 16.8455
25.6451 14.5141 17.3797
24.6051 14.5282 17.4716
23.5233 14.5439 17.5239
22.4504 14.5588 17.6066
21.3651 14.5738 17.6904
20.2691 14.5888 17.7778
19.1782 14.6033 17.8887
18.0364 14.6196 17.9537
16.8062 14.6395 17.9316
24.6333 15.4012 12.6836
24.7562 15.3408 14.5196
24.8053 15.2869 16.1934
24.17 15.2783 16.8703
23.1807 15.2923 17.0606
22.0973 15.3117 17.1392
21.0027 15.3313 17.221
19.8969 15.3509 17.3059
18.695 15.3758 17.2887
