193
13.8726 8.49181 17.2925
13.1311 8.52328 16.5117
12.4474 8.525 7.05726
12.217 8.53316 6.29719
12.0244 8.53958 5.53451
12.0848 9.1966 17.3121
11.958 9.19936 16.5368
11.9398 9.19805 15.7595
11.3371 9.19877 7.22075
11.222 9.20112 6.45424
11.1261 9.20274 5.68579
11.5587 9.8349 17.3179
10.2675 9.87099 16.5729
10.9747 9.84885 15.7902
11.8786 9.82095 14.9834
6.38707 9.96821 8.68083
6.68215 9.95809 7.90615
6.98019 9.94786 7.1237
10.4468 9.84435 5.80022
10.8354 10.4685 17.3258
7.14952 10.5442 16.6396
6.76083 10.5512 15.9242
6.42341 10.5572 15.2136
6.24471 10.5599 14.5008
6.07215 10.5625 13.7902
5.9871 10.5633 13.0758
5.86941 10.5647 12.3649
5.8306 10.5645 11.6479
5.79631 10.5642 10.9303
5.77458 10.5636 10.211
5.81173 10.5618 9.48358
5.88021 10.5594 8.7501
5.97435 10.5563 8.01036
6.30042 10.5485 7.23099
7.28299 10.5268 6.33308
10.8491 11.081 17.3257
6.94032 11.1291 16.6441
6.59894 11.1328 15.9293
6.2302 11.1368 15.2218
6.05618 11.1383 14.5107
5.88977 11.1398 13.8017
5.78515 11.1405 13.0906
5.73652 11.1405 12.376
5.69159 11.1404 11.6611
5.66184 11.1402 10.9445
5.65683 11.1397 10.2246
5.65181 11.1391 9.50375
5.71592 11.1377 8.77255
5.87224 11.1351 8.0254
6.07308 11.1319 7.26687
6.82223 11.1219 6.41069
10.7483 11.6941 17.3268
6.79449 11.7103 16.6472
6.44054 11.7116 15.9344
6.16634 11.7125 15.2245
5.98153 11.7131 14.5146
5.8591 11.7134 13.8036
5.76001 11.7136 13.0925
5.66674 11.7138 12.3819
5.56951 11.714 11.6726
5.56477 11.7138 10.9547
5.57677 11.7136 10.2338
5.60319 11.7132 9.50988
5.71773 11.7126 8.77231
5.85172 11.7118 8.02842
6.00702 11.7109 7.2773
6.54687 11.7084 6.45707
10.7568 12.306 17.3267
6.96625 12.2904 16.6435
6.56646 12.2889 15.9304
6.32195 12.2881 15.2179
6.13546 12.2876 14.5065
5.93689 12.2869 13.7987
5.83817 12.2867 13.0867
5.80373 12.2868 12.3704
5.78306 12.2869 11.6524
5.73275 12.2869 10.937
5.68229 12.2869 10.2216
5.72749 12.2873 9.4942
5.84704 12.288 8.75463
6.0005 12.2888 8.00651
6.19848 12.2899 7.24708
6.77432 12.2925 6.41876
10.0535 12.9091 17.3344
7.19187 12.874 16.6387
6.74014 12.869 15.9248
6.47825 12.8663 15.2113
6.29103 12.8646 14.4983
6.10099 12.8628 13.7884
6.04238 12.8627 13.0717
6.02178 12.8631 12.3521
6.00117 12.8634 11.6318
5.957 12.8635 10.9134
5.91258 12.8636 10.195
5.86815 12.8636 9.47646
5.96658 12.8655 8.7383
6.14994 12.8684 7.98451
6.40064 12.8722 7.21517
7.29628 12.8841 6.33085
11.2027 13.5391 17.3218
7.31806 13.4593 16.636
6.81693 13.4499 15.9224
6.54118 13.4452 15.2087
6.35632 13.4424 14.4949
6.19111 13.44 13.7827
6.1415 13.4399 13.0644
6.11543 13.4404 12.3442
6.08599 13.4408 11.6238
6.05169 13.4412 10.9035
6.02754 13.4417 10.1817
6.00337 13.4422 9.45941
6.06688 13.4446 8.72459
6.26712 13.4498 7.96726
6.5942 13.4577 7.18462
7.86843 13.4855 6.23448
7.32411 14.0432 16.6359
6.9304 14.0332 15.9188
6.62843 14.0258 15.205
6.40473 14.0207 14.4923
6.22006 14.0168 13.7809
6.14586 14.0161 13.0641
6.11346 14.0165 12.3444
6.07303 14.0168 11.625
6.03252 14.017 10.9055
6.00369 14.0176 10.1845
6.08146 14.0214 9.44956
6.19411 14.0261 8.7072
6.30729 14.0309 7.96134
6.64081 14.0422 7.17727
8.65271 14.1028 6.10239
7.7494 14.643 16.6268
7.1662 14.623 15.9113
6.82636 14.6121 15.1966
6.66017 14.6077 14.4789
6.49323 14.6033 13.7636
6.3618 14.6002 13.0482
6.28769 14.5993 12.3297
6.2469 14.5996 11.6086
6.2135 14.6002 10.8865
6.22056 14.6023 10.1594
6.30288 14.6073 9.42164
6.42818 14.6139 8.67521
6.63161 14.6234 7.91359
7.1057 14.6432 7.1039
10.9457 15.3766 16.5584
8.96686 15.2884 15.854
8.1895 15.2551 15.1391
7.9141 15.2447 14.4129
7.68413 15.2365 13.6885
7.56342 15.2332 12.9598
7.49152 15.2322 12.2285
7.44532 15.2324 11.4953
7.50922 15.2377 10.7504
7.6426 15.2461 9.99506
7.8483 15.2579 9.22674
8.05551 15.2698 8.4528
8.61583 15.298 7.62143
10.4611 15.3857 6.57433
11.3759 16.0167 15.7775
10.978 15.998 15.0214
10.5827 15.9794 14.2724
10.4117 15.973 13.5164
10.2413 15.9665 12.7628
10.1153 15.9625 12.008
10.099 15.9644 11.2444
10.1017 15.9674 10.4781
10.2465 15.9781 9.69411
10.5053 15.9951 8.89165
10.7018 16.0087 8.09114
10.9081 16.0228 7.28391
13.4188 16.7623 15.7125
12.4686 16.7063 14.9585
12.2031 16.693 14.1871
11.9554 16.6809 13.419
11.8536 16.6778 12.6442
11.7928 16.6773 11.867
11.758 16.6785 11.0876
11.7498 16.6813 10.3049
11.86 16.6916 9.50763
12.0181 16.7049 8.70086
12.177 16.7182 7.88952
12.9366 16.7695 6.98523
13.9837 17.4412 14.8945
13.8257 17.4338 14.1016
13.7509 17.4324 13.3057
13.6522 17.4293 12.5119
13.6847 17.4354 11.708
13.682 17.4391 10.9057
13.6067 17.4376 10.1099
13.6407 17.444 9.30182
13.7417 17.455 8.48349
13.8431 17.4662 7.66181
15.9309 18.2533 11.5193
