335
41.0294 6.1899 7.49789
40.1073 6.15055 7.74457
41.9648 6.75013 18.811
41.5606 6.75835 19.4852
40.4041 6.6953 19.49
39.2215 6.63091 19.4968
21.9684 5.6781 19.2973
21.2489 5.66726 19.931
42.0762 6.92048 7.40994
41.6886 6.93436 8.23073
40.6944 6.89245 8.38402
39.5156 6.83463 8.36069
42.8541 7.40194 18.5908
42.4534 7.40925 19.2621
41.5545 7.3745 19.4797
40.4078 7.31969 19.4933
39.2527 7.26514 19.5238
22.2582 5.96541 7.44859
21.8889 5.98713 8.44472
20.4121 5.92001 8.54936
22.7299 6.43474 18.6962
22.6761 6.47481 19.7708
21.2875 6.41515 19.9562
19.6858 6.34072 20.0287
46.537 7.83507 8.88374
46.9486 7.91101 10.5904
47.1832 7.97098 12.0479
47.1676 8.00952 13.1871
47.0612 8.04004 14.2034
47.0786 8.07979 15.3374
46.8456 8.0991 16.1819
46.5628 8.11418 16.9638
46.2701 8.12821 17.7274
45.7765 8.12663 18.2817
45.1243 8.11309 18.6811
44.3668 8.0919 18.9863
43.5183 8.06434 19.2169
42.6427 8.03528 19.4369
41.5529 7.99112 19.4782
40.4001 7.94317 19.4864
39.1384 7.88827 19.4247
38.003 7.84329 19.4978
36.6181 7.78151 19.386
35.3243 7.72714 19.379
33.9805 7.67023 19.3589
32.7525 7.62223 19.4569
31.3897 7.56585 19.4751
30.0204 7.50996 19.5155
28.5417 7.44766 19.5027
27.1786 7.39405 19.6018
25.6661 7.33145 19.6215
24.1172 7.26748 19.6454
22.8682 7.22396 19.8993
21.2423 7.15689 19.9266
19.6717 7.09439 20.0197
46.7647 8.49189 9.15853
47.1864 8.55669 10.8715
47.1868 8.59108 12.0521
47.205 8.626 13.2295
47.1577 8.65581 14.3107
47.0834 8.68322 15.3426
46.8521 8.69968 16.1889
46.627 8.71622 17.0309
46.3499 8.72907 17.8091
45.8271 8.72581 18.3325
45.1531 8.71292 18.7094
44.3857 8.69435 19.0046
43.5771 8.67352 19.2723
42.6334 8.64466 19.4283
41.5467 8.60748 19.4726
40.4004 8.56732 19.4867
39.1976 8.52443 19.476
38.0596 8.48618 19.5459
36.7537 8.43859 19.4987
35.4684 8.39302 19.4963
34.2537 8.35236 19.5766
32.9425 8.30678 19.605
31.6021 8.26027 19.6372
30.2332 8.2129 19.6745
28.7952 8.16238 19.6879
27.3849 8.11425 19.7493
25.8777 8.06149 19.7695
24.4124 8.01188 19.8473
22.889 7.95988 19.9133
21.2654 7.90324 19.9418
19.6601 7.84847 20.0123
17.3553 7.75705 19.6744
46.8847 9.13665 9.3033
47.2237 9.18487 10.9155
47.2478 9.21433 12.1227
47.2641 9.24277 13.2965
47.2226 9.26744 14.3828
47.0952 9.28692 15.3554
46.9118 9.30298 16.2526
46.6786 9.31605 17.0849
46.3934 9.32611 17.8536
45.8699 9.32338 18.3754
45.1969 9.31286 18.7524
44.4153 9.29692 19.033
43.5848 9.27874 19.2796
42.6162 9.25385 19.4125
41.5288 9.22341 19.4565
40.3913 9.19099 19.4787
39.245 9.1587 19.5171
38.0938 9.12674 19.5749
36.8873 9.09263 19.6098
35.6242 9.05637 19.6231
34.353 9.02033 19.6557
33.0452 8.98315 19.6851
31.7043 8.94503 19.7152
30.3541 8.90711 19.7648
28.9357 8.86665 19.7906
27.5247 8.82718 19.8492
26.0622 8.786 19.8985
24.5564 8.74352 19.9458
22.9628 8.69776 19.9627
21.2127 8.64576 19.9072
19.632 8.60205 19.9943
17.7649 8.54646 19.9306
15.4407 8.47183 19.6234
47.0041 9.77831 9.44737
47.2082 9.80977 10.8972
47.3104 9.83612 12.1951
47.3505 9.85925 13.3946
47.2558 9.87611 14.4198
47.1075 9.89035 15.3689
46.9612 9.90441 16.3053
46.7251 9.91443 17.1335
46.4368 9.92211 17.898
45.9007 9.91945 18.4064
45.2406 9.91179 18.7953
44.4229 9.89791 19.0404
43.5926 9.88377 19.287
42.5991 9.86342 19.3966
41.5087 9.83964 19.4383
40.372 9.81446 19.4616
39.2453 9.79012 19.5174
38.0935 9.76523 19.5747
36.9146 9.73975 19.6325
35.6856 9.71282 19.673
34.4131 9.68472 19.7036
33.109 9.65592 19.7348
31.772 9.6264 19.7669
30.4009 9.59612 19.7997
28.9996 9.56525 19.8373
27.5544 9.53331 19.8705
26.0707 9.50052 19.9045
24.6044 9.46887 19.9786
23.0341 9.43408 20.0104
21.2809 9.39351 19.9519
19.6526 9.35786 20.0074
17.8076 9.31537 19.9573
15.5254 9.25873 19.6752
46.6917 10.4031 9.07048
46.9187 10.4264 10.555
46.9607 10.4434 11.7901
47.0039 10.4601 13.0013
46.9515 10.4736 14.0815
46.8499 10.4853 15.0883
46.7369 10.4964 16.066
46.5266 10.5044 16.9261
46.2958 10.5116 17.7537
45.7571 10.5097 18.2623
45.1304 10.5052 18.6871
44.3272 10.4957 18.9482
43.4947 10.4856 19.1947
42.6135 10.4743 19.41
41.5057 10.4568 19.4355
40.3787 10.4391 19.4675
39.2456 10.4215 19.5176
38.0933 10.4037 19.5745
36.8651 10.3842 19.5914
35.6429 10.3651 19.6383
34.3865 10.3455 19.6823
33.0814 10.3249 19.7133
31.7435 10.3038 19.7451
30.3795 10.2824 19.7837
28.9833 10.2605 19.8254
27.548 10.2379 19.8659
26.0641 10.2145 19.8999
24.5935 10.1918 19.9712
23.0411 10.1674 20.015
21.349 10.1399 19.9965
19.6496 10.1127 20.0055
17.818 10.0827 19.9638
15.5074 10.0415 19.6642
45.6471 11.0217 7.81011
46.1732 11.0416 9.67381
46.4066 11.0556 11.1485
46.5538 11.0677 12.4906
46.5419 11.0766 13.6261
46.463 11.0841 14.6669
46.3385 11.0906 15.6409
46.0802 11.0946 16.4593
45.818 11.0985 17.2644
45.5039 11.1013 18.0083
44.9239 11.0995 18.4842
44.1695 11.0947 18.7964
43.3443 11.0888 19.0529
42.5006 11.0827 19.3057
41.5345 11.0746 19.4616
40.3913 11.0637 19.4786
39.2457 11.0529 19.5177
38.0345 11.0413 19.5245
36.8214 11.0298 19.555
35.5977 11.0184 19.6015
34.3444 11.0066 19.6488
33.0539 10.9945 19.6918
31.7219 10.982 19.7286
30.3598 10.9691 19.7691
28.963 10.956 19.8105
27.53 10.9425 19.853
26.0572 10.9286 19.8951
24.4915 10.9135 19.9015
22.9506 10.8991 19.9545
21.3711 10.8843 20.0109
19.5693 10.8664 19.9542
17.7214 10.8482 19.9034
15.4743 10.8244 19.644
44.5657 11.6736 9.01644
45.1229 11.6803 10.867
45.2438 11.6842 12.183
45.3395 11.6878 13.4432
45.1575 11.6897 14.3807
44.9438 11.6914 15.2714
44.9259 11.6942 16.3509
44.5983 11.6951 17.0999
44.1941 11.6956 17.767
43.7211 11.6957 18.3648
42.9887 11.6942 18.7176
42.1302 11.6921 18.9637
41.2277 11.6898 19.1842
40.1126 11.6863 19.2319
38.9307 11.6826 19.2446
37.72 11.6787 19.2575
36.5322 11.675 19.3146
35.3155 11.6713 19.3718
34.3882 11.6691 19.6837
33.282 11.666 19.8698
31.5573 11.6598 19.603
30.1037 11.655 19.5778
28.6849 11.6506 19.6073
27.3199 11.6464 19.7028
25.8601 11.6419 19.7572
24.3622 11.6372 19.813
22.726 11.6319 19.8042
21.0581 11.6265 19.8061
19.3886 11.6213 19.8386
17.502 11.615 19.7662
14.6449 11.6041 19.137
41.2548 12.3339 10.2164
42.0863 12.3257 12.2845
42.3275 12.3212 13.6899
42.0564 12.3198 14.5499
41.7724 12.3185 15.3874
41.4163 12.3176 16.1464
41.1273 12.3164 16.9629
40.7242 12.3158 17.6655
40.0818 12.3166 18.148
39.3772 12.3178 18.5806
38.2942 12.3209 18.6926
37.1922 12.3242 18.8094
35.9856 12.3279 18.8602
34.973 12.3306 19.0931
34.3258 12.3312 19.634
33.6376 12.3321 20.147
30.943 12.3434 19.1342
29.556 12.3478 19.1687
28.1372 12.3523 19.2071
26.7202 12.3566 19.274
25.2292 12.3613 19.3159
23.6819 12.3662 19.3475
22.104 12.3712 19.388
20.3216 12.3771 19.3242
17.89 12.3861 18.8799
33.2018 13.1154 5.66749
35.8212 13.0594 9.53945
36.1544 13.0439 11.0818
36.3106 13.0318 12.4218
36.4948 13.0194 13.7603
36.321 13.0132 14.7472
36.1202 13.0076 15.6964
35.9478 13.0016 16.6579
35.705 12.9969 17.5466
35.2484 12.9958 18.2474
34.4762 12.9997 18.6888
33.9627 12.9995 19.3447
33.5253 12.998 20.0595
30.4652 13.0378 18.7695
29.0568 13.0512 18.7959
27.6017 13.0651 18.8157
26.1436 13.0788 18.8617
24.6159 13.0933 18.8869
22.9932 13.1091 18.8763
20.9441 13.131 18.6119
34.1388 13.798 9.14174
34.6268 13.7677 10.8345
34.7819 13.7474 12.1787
34.9331 13.7276 13.4922
34.884 13.7137 14.6017
34.7784 13.7016 15.6439
34.6074 13.6915 16.6147
34.3831 13.683 17.528
33.9128 13.6813 18.2303
33.0636 13.6897 18.6284
31.4084 13.7193 18.4087
29.9803 13.7424 18.3995
28.5351 13.7655 18.4063
27.0578 13.7891 18.4182
25.5581 13.8129 18.4431
23.9215 13.8398 18.4012
22.0289 13.8727 18.2166
32.4916 14.5602 8.8215
32.9811 14.5178 10.516
33.1974 14.4868 11.9225
33.3666 14.4583 13.258
33.3436 14.4376 14.3997
33.2898 14.4185 15.4959
33.1751 14.4021 16.5238
32.9487 14.3901 17.4456
32.1748 14.3987 17.9204
30.8851 14.4263 18.0006
29.405 14.4604 17.9604
27.9174 14.4942 17.9449
26.3891 14.5289 17.9295
24.8339 14.564 17.9253
31.367 15.2607 11.4872
31.4234 15.2294 12.7346
31.5289 15.1962 14.0009
31.5294 15.1686 15.1558
31.4364 15.1461 16.2149
31.341 15.1241 17.2561
30.3174 15.1465 17.558
28.7878 15.1925 17.4894
27.2754 15.2368 17.4655
