342
20.226 5.49049 6.57653
20.8957 5.51227 5.9616
21.8453 5.47736 6.0062
22.8602 5.43138 6.17461
19.7676 5.44522 18.1638
20.5546 5.46327 17.5166
21.6018 5.42781 17.5815
19.3138 6.20167 6.59652
19.9978 6.21833 6.01895
20.9044 6.1936 5.98223
21.8551 6.16221 6.02881
22.8041 6.13256 6.04902
41.0717 5.51326 7.19367
41.9845 5.50739 6.8605
14.49 6.92075 8.18895
15.3501 6.90283 8.10515
16.2229 6.88353 8.03966
17.1706 6.85159 8.16251
17.4881 6.9336 6.56762
18.3359 6.91935 6.42461
19.1313 6.91467 6.13712
19.9529 6.90592 5.90936
20.9131 6.87531 6.00286
21.8628 6.8478 6.04647
22.803 6.82301 6.04653
23.7672 6.79576 6.07898
24.9143 6.7429 6.47799
25.8793 6.71846 6.46046
26.9033 6.68676 6.54345
27.9675 6.65086 6.682
28.9639 6.62554 6.66518
30.1766 6.5727 7.03356
31.2527 6.5396 7.11708
40.1669 5.63535 18.927
41.1868 5.62826 18.5777
39.759 6.32649 6.92053
40.7989 6.30641 6.79112
41.9663 6.2732 6.83416
43.1482 6.2395 6.87896
14.2094 7.3671 13.0208
13.8666 7.57228 9.00235
14.3956 7.61432 7.90041
14.9797 7.64463 7.01134
15.7517 7.64259 6.69391
16.5451 7.63726 6.43337
17.3809 7.62567 6.28043
18.2362 7.61175 6.16606
19.0621 7.60285 5.96301
19.9576 7.58446 5.92089
20.9204 7.55759 6.02015
21.8525 7.53615 6.02294
22.8019 7.51343 6.04404
23.7662 7.48979 6.07678
24.7674 7.46251 6.16641
25.7745 7.43568 6.24424
26.8167 7.40572 6.36937
27.8131 7.38246 6.37947
28.8315 7.35759 6.41217
29.8633 7.33216 6.44991
30.9436 7.3023 6.55537
31.997 7.27654 6.58991
33.0792 7.24864 6.65448
34.1686 7.22101 6.71027
35.2738 7.19273 6.77188
36.3927 7.16407 6.83499
37.5046 7.13712 6.8666
38.6368 7.10908 6.91077
39.6864 7.09 6.81096
40.7939 7.06604 6.7837
41.9668 7.03672 6.83497
43.15 7.0074 6.88155
44.447 6.96867 7.06672
13.794 8.0167 14.7335
13.9788 8.11575 12.2641
13.9021 8.24811 9.11478
14.3052 8.30227 7.62412
14.9105 8.32452 6.80689
15.6899 8.32149 6.51737
16.503 8.31409 6.31708
17.3258 8.30584 6.133
18.1791 8.29413 6.01782
19.0673 8.27869 5.9761
19.963 8.26312 5.93404
20.9038 8.24299 5.98091
21.8486 8.22335 6.01392
22.8082 8.20296 6.05818
23.7617 8.18416 6.06704
24.7398 8.16356 6.10777
25.73 8.14256 6.15229
26.7256 8.12191 6.18612
27.7378 8.10044 6.23187
28.7671 8.07816 6.28921
29.8124 8.05521 6.35513
30.8553 8.0334 6.39489
31.9078 8.01152 6.4317
32.9799 7.98868 6.48266
34.0658 7.96544 6.53657
35.1648 7.9419 6.5918
36.2969 7.91634 6.6804
37.4218 7.89228 6.73606
38.5311 7.87035 6.74772
39.6388 7.84929 6.7391
40.7952 7.825 6.78566
41.9655 7.80041 6.83302
43.1518 7.77535 6.88414
44.357 7.74964 6.94214
45.8522 7.7028 7.37376
13.5871 8.76818 14.0287
13.7644 8.84931 11.5602
13.9409 8.92549 9.23753
14.2961 8.97567 7.59629
14.9071 8.99319 6.79675
15.6598 8.99371 6.43129
16.4874 8.98598 6.27383
17.3193 8.9782 6.11564
18.1823 8.96759 6.02609
19.0716 8.95486 5.98689
19.9674 8.94212 5.94486
20.8994 8.92651 5.97035
21.8411 8.91072 5.99656
22.8022 8.89388 6.04471
23.7549 8.87856 6.05206
24.7122 8.86352 6.04923
25.6996 8.84653 6.08951
26.7107 8.82827 6.15621
27.7223 8.81073 6.20146
28.7373 8.79363 6.2323
29.7632 8.77634 6.26346
30.8084 8.75824 6.30971
31.8677 8.73976 6.36051
32.9391 8.72106 6.4119
34.0229 8.70215 6.46388
35.1192 8.68302 6.51647
36.2152 8.6646 6.54849
37.3436 8.64457 6.61262
38.5 8.62332 6.69968
39.6249 8.6049 6.71817
40.8051 8.58344 6.8002
41.9757 8.5633 6.84786
43.1475 8.54375 6.87792
44.369 8.52168 6.95878
45.8143 8.48645 7.32245
13.6639 9.4785 14.2903
13.7831 9.54761 11.6215
13.9944 9.60357 9.40694
14.3458 9.64312 7.74801
14.9387 9.65852 6.89003
15.6706 9.66083 6.46217
16.4922 9.65535 6.28708
17.3279 9.64899 6.13865
18.1807 9.64159 6.02198
19.0747 9.63132 5.99449
19.9716 9.62132 5.95509
20.9002 9.60944 5.97237
21.8348 9.59769 5.98211
22.7864 9.58527 6.00924
23.7345 9.57364 6.00766
24.7076 9.56083 6.03963
25.7074 9.54678 6.10568
26.7108 9.5331 6.15635
27.7172 9.51979 6.19141
28.732 9.50649 6.22218
29.761 9.49285 6.25928
30.8033 9.47894 6.30034
31.8572 9.46488 6.34186
32.9229 9.45066 6.38385
34.0006 9.43627 6.42631
35.0906 9.42173 6.46924
36.1975 9.40677 6.51995
37.3207 9.39146 6.57652
38.4689 9.37535 6.65171
39.6215 9.35954 6.71307
40.8016 9.34286 6.79506
41.9675 9.32743 6.83589
43.1436 9.31199 6.87255
44.3658 9.2948 6.95425
45.7868 9.26856 7.28524
47.4916 9.22969 7.96227
13.833 10.1866 14.8665
13.907 10.2395 12.0284
14.0812 10.2823 9.68162
14.4072 10.3124 7.93572
14.9706 10.3255 6.98419
15.7008 10.3273 6.54852
16.497 10.325 6.30033
17.3365 10.3202 6.16167
18.1814 10.3154 6.02372
19.073 10.3082 5.99036
19.9747 10.3008 5.96262
20.8942 10.2928 5.95799
21.8286 10.2844 5.96766
22.7722 10.2759 5.97742
23.7375 10.2667 6.01412
24.7171 10.2573 6.05968
25.7103 10.2476 6.11166
26.7059 10.2382 6.14652
27.712 10.2287 6.18135
28.7309 10.219 6.22002
29.7665 10.2089 6.26951
30.815 10.1987 6.32173
31.8756 10.1884 6.37455
32.9484 10.178 6.42798
34.0329 10.1675 6.48096
35.1062 10.1578 6.49501
36.2239 10.1467 6.56251
37.3529 10.1355 6.62731
38.4687 10.1253 6.65149
39.6168 10.1141 6.70601
40.7782 10.1029 6.76054
41.9535 10.0915 6.81571
43.1372 10.0802 6.86343
44.4191 10.0659 7.02801
45.9342 10.0439 7.48497
13.9785 10.9056 15.3621
14.0345 10.9383 12.4468
14.2183 10.9637 10.1156
14.463 10.9852 8.10623
15.0039 10.994 7.08263
15.7172 10.9957 6.59526
16.5155 10.9943 6.35144
17.3606 10.9913 6.22628
18.2128 10.9881 6.10533
19.1105 10.9836 6.08483
20.0245 10.9788 6.08418
20.9563 10.9737 6.1053
21.8981 10.9685 6.12799
22.8382 10.9635 6.12533
23.794 10.9583 6.13739
24.7769 10.9526 6.1865
25.7704 10.9468 6.23569
26.7667 10.9412 6.26878
27.7838 10.9352 6.32195
28.8068 10.9293 6.36503
29.8345 10.9236 6.39629
30.8705 10.9178 6.42255
31.9148 10.9121 6.44411
32.9879 10.9058 6.49636
33.9899 10.9015 6.40811
35.0362 10.8963 6.37941
36.2904 10.8864 6.66991
37.4514 10.879 6.78275
38.5879 10.8724 6.83537
39.7074 10.8665 6.84271
40.8365 10.8605 6.84655
41.9766 10.8544 6.84913
43.3262 10.8441 7.13062
44.8114 10.8313 7.5709
14.3521 11.6416 13.4893
14.537 11.6502 11.1248
14.877 11.6562 9.37186
15.3211 11.6606 8.01959
15.9315 11.6626 7.20747
16.7307 11.6621 6.9463
17.5693 11.6613 6.78493
18.4169 11.6604 6.63479
19.285 11.6592 6.52382
20.1704 11.658 6.44063
21.0892 11.6565 6.42053
22.0366 11.6547 6.44718
22.9877 11.653 6.46036
23.9353 11.6514 6.44519
24.9154 11.6495 6.48015
25.9059 11.6476 6.51548
26.9176 11.6457 6.57219
27.9456 11.6436 6.63897
28.9848 11.6415 6.70503
30.0264 11.6395 6.75378
31.0948 11.6373 6.83014
32.169 11.6352 6.89495
33.0563 11.6347 6.61483
33.8136 11.6353 6.11009
34.8716 11.6334 6.10745
36.5356 11.6269 7.06562
37.75 11.624 7.25387
38.9034 11.6218 7.32213
40.0686 11.6195 7.38767
41.383 11.6161 7.65313
17.8125 12.361 12.5797
17.9534 12.3528 10.3263
18.4259 12.3489 9.07853
18.9543 12.3459 8.02938
19.6862 12.3453 7.5338
20.4888 12.3455 7.21837
21.3733 12.3466 7.09448
22.2717 12.3478 6.98908
23.2043 12.3492 6.94556
24.1561 12.3508 6.92652
25.1327 12.3526 6.94106
26.1241 12.3544 6.96597
27.1351 12.3564 7.00968
28.1674 12.3584 7.07366
29.2093 12.3605 7.13391
30.254 12.3625 7.17762
31.3219 12.3646 7.24292
32.3938 12.3667 7.2936
33.1864 12.3664 6.84018
33.802 12.3646 6.0904
34.5055 12.3636 5.50278
19.6291 13.0895 12.2999
19.9286 13.0714 10.5578
20.3682 13.0589 9.25012
20.919 13.0507 8.26905
21.6665 13.0492 7.7899
22.5012 13.0505 7.51791
23.4236 13.0544 7.437
24.3822 13.0593 7.41915
25.3525 13.0643 7.40727
26.3426 13.0696 7.41698
27.352 13.0752 7.44589
28.3873 13.0814 7.50455
29.4363 13.0876 7.56764
30.484 13.0936 7.60621
31.5424 13.0996 7.64362
32.6076 13.1055 7.67283
33.6338 13.1103 7.61483
34.6856 13.1155 7.58455
21.5007 13.8286 12.1006
21.8724 13.8035 10.598
22.3201 13.7836 9.34024
22.8529 13.7692 8.32843
23.6458 13.7687 7.93477
24.6107 13.7769 7.91707
25.5721 13.7845 7.8728
26.5617 13.7931 7.86951
27.5771 13.8026 7.89853
28.6142 13.8127 7.9492
29.6624 13.8228 7.9995
30.7191 13.833 8.04422
31.7688 13.8424 8.05507
32.8256 13.8518 8.05946
33.9807 13.8649 8.21547
23.6025 14.5933 12.3821
23.8876 14.5527 10.713
24.2546 14.5198 9.29879
24.8994 14.5078 8.54616
25.7943 14.5135 8.344
26.7843 14.5253 8.32897
27.8073 14.5387 8.36137
28.8632 14.5537 8.43714
29.9187 14.5681 8.48913
30.9583 14.5809 8.48982
32.0148 14.5942 8.50216
