278
37.1798 6.36726 8.18081
37.4676 6.38246 8.99237
37.0227 6.34565 9.85332
35.3073 6.15327 21.1858
36.0299 6.19976 21.8987
35.7998 6.17773 22.8196
37.7469 7.0654 8.15098
38.5492 7.11105 8.92418
41.2534 7.27596 9.5423
42.0158 7.31939 10.2684
42.3482 7.33591 11.0205
42.4065 7.33523 11.7959
42.5091 7.33734 12.5664
42.6672 7.34294 13.3292
42.7485 7.34371 14.1007
42.7961 7.34237 14.8768
42.7314 7.33393 15.6711
42.6453 7.32412 16.4719
42.3744 7.3026 17.3091
42.2554 7.29066 18.1247
42.3333 7.29118 18.9048
41.6216 7.24161 19.8516
41.3064 7.21712 20.7272
36.8619 6.9302 22.5723
37.7552 7.7238 8.15054
40.1874 7.8518 8.82088
41.6008 7.9247 9.51676
42.1451 7.9505 10.2575
42.4749 7.96468 11.0086
42.608 7.96817 11.7748
42.7149 7.97024 12.5427
42.8558 7.97417 13.3055
42.9399 7.97501 14.0745
42.9155 7.96991 14.8592
42.763 7.9578 15.6661
42.7086 7.95103 16.4612
42.6565 7.94438 17.2585
42.5151 7.93283 18.0754
42.3928 7.92229 18.8929
42.0939 7.90203 19.7518
41.7618 7.8799 20.6261
41.3493 7.8533 21.5277
13.9598 7.30333 6.19789
15.9505 7.39012 7.20083
28.8713 7.97793 7.70318
37.7525 8.38155 8.15068
40.2836 8.4944 8.81482
41.7262 8.55743 9.50755
42.283 8.57984 10.2459
42.5793 8.5903 10.9987
42.7269 8.59393 11.7623
42.8386 8.59591 12.5284
42.962 8.59843 13.2921
43.0147 8.59769 14.0643
43.0308 8.59526 14.8422
42.8787 8.58503 15.6479
42.8076 8.57854 16.4445
42.7818 8.57414 17.2361
42.6267 8.56372 18.0542
42.4666 8.55306 18.8781
42.2018 8.5375 19.729
41.902 8.52029 20.5949
41.4934 8.49797 21.4941
13.7472 8.14931 6.20244
21.3556 8.43074 7.02901
30.1623 8.75762 7.64871
37.7488 9.03932 8.15087
40.4079 9.13645 8.80698
41.8511 9.18805 9.49836
42.4546 9.20815 10.2315
42.6817 9.2141 10.989
42.8296 9.21709 11.7515
42.9619 9.21949 12.5141
43.0475 9.22013 13.2813
43.0746 9.21856 14.0561
43.1022 9.217 14.8317
43.0402 9.21205 15.6223
42.9584 9.20634 16.4191
42.8987 9.20146 17.2151
42.7396 9.19279 18.0327
42.5307 9.18221 18.8652
42.3203 9.17156 19.704
42.0418 9.15829 20.5639
41.6245 9.1397 21.4636
40.3296 9.08759 22.5876
13.5337 8.99881 6.20701
22.9639 9.27077 6.97789
31.5172 9.51766 7.59155
37.8192 9.6993 8.14717
40.4955 9.77536 8.80145
41.8732 9.81358 9.49673
42.4093 9.82724 10.2353
42.7384 9.83486 10.9837
42.8284 9.83548 11.7516
42.9146 9.83599 12.5196
42.9555 9.83517 13.2929
42.9655 9.83345 14.071
42.8809 9.82893 14.8643
42.8612 9.82632 15.6506
42.8435 9.82377 16.4385
42.7814 9.81989 17.2361
42.6427 9.81375 18.0511
42.487 9.8071 18.874
42.3304 9.8004 19.7019
42.1728 9.79366 20.5348
41.7228 9.77824 21.4407
40.6354 9.74387 22.5131
13.8419 9.8627 6.20041
24.0036 10.0722 6.94484
31.7811 10.2324 7.58041
37.8848 10.358 8.14372
40.2324 10.4055 8.81804
41.5567 10.4317 9.52001
42.0712 10.441 10.2637
42.2592 10.4434 11.0289
42.4467 10.4459 11.7917
42.6136 10.448 12.5544
42.6248 10.4468 13.3346
42.6358 10.4455 14.1161
42.6111 10.4436 14.904
42.5578 10.441 15.6985
42.4915 10.4381 16.4978
42.3835 10.4344 17.3074
42.2567 10.4302 18.1244
42.1105 10.4257 18.9495
41.9438 10.4207 19.7835
41.6485 10.4129 20.6512
41.3817 10.4058 21.5201
14.1955 10.722 6.19284
24.2499 10.8464 6.93701
31.7095 10.9385 7.58344
37.9528 11.0157 8.14014
39.8222 11.0382 8.84391
40.9522 11.0514 9.56444
41.3839 11.056 10.3214
41.6085 11.0579 11.0904
41.8027 11.0595 11.8593
41.8866 11.0596 12.6384
41.9435 11.0595 13.4205
41.9727 11.059 14.2067
41.988 11.0583 14.9958
41.9651 11.0571 15.7921
41.9322 11.0558 16.5921
41.8128 11.0534 17.4097
41.6928 11.051 18.2315
41.5224 11.048 19.0675
41.2589 11.0437 19.9283
40.9376 11.0387 20.8091
40.5521 11.0329 21.7133
14.5713 11.5756 6.1848
24.186 11.6152 6.93904
31.3101 11.6445 7.60029
36.9951 11.6679 8.19053
38.7268 11.6748 8.91298
39.8574 11.6792 9.64493
40.2586 11.6806 10.416
40.4455 11.6811 11.2003
40.5445 11.6812 11.9915
40.6487 11.6814 12.7814
40.7867 11.6816 13.5664
40.8974 11.6818 14.3537
40.8565 11.6813 15.1625
40.8379 11.681 15.9701
40.8031 11.6805 16.7824
40.5997 11.6794 17.6271
40.3533 11.678 18.4858
40.1936 11.677 19.334
40.1399 11.6765 20.1647
39.5743 11.6738 21.1118
38.8501 11.6704 22.1095
14.8732 12.4232 6.17834
23.6565 12.387 6.95587
30.1148 12.3605 7.65072
34.6148 12.342 8.31576
36.9862 12.3325 9.02273
37.8403 12.3292 9.79322
38.106 12.3284 10.5968
38.307 12.3279 11.4024
38.4963 12.3274 12.2066
38.7426 12.3266 13.0017
38.8069 12.3267 13.8161
38.8505 12.3268 14.6335
38.8933 12.3269 15.4516
38.9228 12.3271 16.2725
38.6919 12.3284 17.1382
38.3115 12.3303 18.0371
38.2306 12.3309 18.8889
37.9882 12.3323 19.7763
37.6447 12.334 20.6919
36.9438 12.3373 21.6958
12.9764 13.2932 6.21894
28.3489 13.1024 6.80671
29.7047 13.0865 7.66802
31.4618 13.0655 8.48165
33.4224 13.042 9.24744
34.28 13.0322 10.0549
34.4765 13.0307 10.9016
34.7614 13.0281 11.7374
34.9533 13.0266 12.5786
35.208 13.0244 13.4101
35.3737 13.0232 14.249
35.3465 13.0245 15.1124
35.3097 13.026 15.9794
35.1623 13.0288 16.8663
34.8383 13.0338 17.7877
34.5111 13.0389 18.7182
34.1868 13.044 19.6567
33.6233 13.0521 20.6518
27.7271 13.1279 22.7874
28.7228 13.8296 6.79483
29.1818 13.8217 7.69008
30.0893 13.8045 8.55386
30.7189 13.793 9.41791
31.0014 13.7888 10.296
31.2305 13.7857 11.1743
31.3598 13.7846 12.0589
31.3609 13.7863 12.9559
31.3729 13.7877 13.8532
31.3879 13.789 14.7517
31.4028 13.7904 15.6515
31.2676 13.7949 16.5748
31.0048 13.8021 17.5228
30.7185 13.8098 18.482
30.3941 13.8184 19.4559
29.9391 13.8297 20.4632
28.1845 13.8685 21.7427
27.4349 13.8861 22.8492
27.9766 14.5856 7.74093
29.0966 14.5553 8.60609
29.5839 14.5434 9.48947
29.7813 14.54 10.3857
29.9772 14.5366 11.2795
30.0738 14.5362 12.1804
30.0736 14.5385 13.091
30.0504 14.5416 14.0061
30.0275 14.5446 14.9232
29.9794 14.5484 15.8461
29.8226 14.5554 16.7876
29.597 14.5645 17.7451
29.3697 14.5736 18.7094
29.0291 14.586 19.7005
28.4624 14.6052 20.7436
18.1809 15.6916 8.15421
25.8227 15.4082 8.77833
28.358 15.3162 9.56676
28.5273 15.3129 10.4778
28.7037 15.3093 11.3865
28.7597 15.3103 12.3045
28.7353 15.3143 13.2316
28.7107 15.3183 14.1609
28.6861 15.3223 15.0924
28.5738 15.3297 16.0382
28.4118 15.3389 16.9954
28.2452 15.3484 17.9585
27.9502 15.3627 18.9486
27.5851 15.3797 19.9593
22.1841 16.3325 8.96977
27.0574 16.1128 9.64877
27.158 16.112 10.5785
27.2481 16.1117 11.5088
27.2845 16.1138 12.4439
27.2994 16.117 13.3824
27.2366 16.1237 14.3312
27.1368 16.1322 15.2878
27.0241 16.1412 16.25
26.8357 16.1538 17.2275
26.5925 16.1689 18.2195
26.3471 16.1842 19.2188
24.1983 17.0157 9.82905
25.0418 16.9746 10.7341
25.3939 16.96 11.6645
25.6851 16.9488 12.5951
25.645 16.9556 13.5561
25.4575 16.9704 14.5368
25.3343 16.9818 15.5151
25.1195 16.9982 16.5103
24.8806 17.0159 17.5155
24.2027 17.0577 18.5969
