419
13.0284 5.85161 18.1321
12.1374 5.85064 18.3008
11.1783 5.83732 18.3056
34.8583 6.86248 18.3499
33.9952 6.85117 18.3424
33.1285 6.83994 18.3367
32.2533 6.82671 18.3002
12.4546 5.79174 5.45752
11.4196 5.7878 5.60541
10.2385 5.75791 5.35953
13.8331 6.56084 17.7366
13.0951 6.58623 18.3027
12.1238 6.57184 18.2669
11.1812 6.5628 18.3126
10.2119 6.55006 18.3033
35.1502 6.82591 4.69132
35.6887 7.54351 18.1047
34.8588 7.54769 18.3538
33.995 7.5376 18.3409
33.1194 7.52453 18.2742
32.2584 7.51828 18.333
31.3827 7.508 18.3189
24.9847 7.39941 17.5849
24.087 7.39261 17.641
23.1886 7.3862 17.7044
22.2881 7.37985 17.7695
21.358 7.36819 17.7406
20.4509 7.36168 17.804
19.5423 7.35535 17.8711
18.6252 7.34794 17.9196
17.6904 7.33801 17.9241
16.756 7.32875 17.9414
15.8272 7.32094 17.9847
14.9051 7.31463 18.0549
14.0264 7.31522 18.2465
13.0854 7.30665 18.278
12.1157 7.29444 18.2467
11.1883 7.28875 18.3298
10.2106 7.27654 18.3002
9.21595 7.2627 18.2434
7.99622 7.22052 17.6987
39.8665 8.2147 16.9265
39.0236 8.2146 17.0972
38.2197 8.2359 17.7365
37.389 8.23948 17.9866
36.5585 8.24244 18.223
35.7179 8.24081 18.3591
34.8586 8.23259 18.3523
33.9948 8.22405 18.3393
33.124 8.21453 18.3058
32.2402 8.20239 18.2167
31.3912 8.20143 18.3697
30.4868 8.18608 18.2133
29.5902 8.17436 18.1361
28.6971 8.16469 18.1039
27.8034 8.15582 18.0898
26.9208 8.15016 18.1449
26.0305 8.14343 18.1776
25.1241 8.13418 18.1575
24.2133 8.12488 18.1372
23.3031 8.11642 18.1356
22.3926 8.10856 18.1471
21.4797 8.10087 18.1631
20.5582 8.09236 18.1626
19.6377 8.08458 18.1783
18.7107 8.07636 18.1853
17.7753 8.06746 18.179
16.838 8.05884 18.1793
15.908 8.05173 18.2116
14.9843 8.04585 18.2704
14.0435 8.03814 18.2915
13.0791 8.02792 18.2618
12.1257 8.01959 18.2717
11.1838 8.01303 18.3189
10.2096 8.00311 18.2978
9.20716 7.99053 18.2233
8.12209 7.96955 17.9786
7.04867 7.9508 17.7813
5.95646 7.93097 17.5636
4.74459 7.89987 17.1197
40.6315 8.84789 15.2711
39.8656 8.9024 16.912
39.0543 8.91854 17.5179
38.226 8.92311 17.8121
37.4 8.92759 18.1036
36.5638 8.92754 18.2738
35.7164 8.92382 18.3463
34.8593 8.91779 18.3579
33.9968 8.91117 18.3546
33.1268 8.90351 18.3248
32.2506 8.89538 18.2833
31.3809 8.88974 18.3081
30.5023 8.88284 18.3005
29.6141 8.87477 18.2631
28.7218 8.86674 18.2273
27.8353 8.86058 18.2415
26.9504 8.85526 18.2783
26.0537 8.84848 18.2778
25.1532 8.84168 18.2773
24.251 8.83517 18.2853
23.3501 8.82938 18.3124
22.4355 8.82211 18.302
21.5095 8.81383 18.2666
20.5931 8.80739 18.2795
19.6788 8.80166 18.3109
18.7574 8.79543 18.3305
17.8238 8.78818 18.3246
16.8863 8.78092 18.3194
15.9606 8.77542 18.3594
15.0187 8.76849 18.3641
14.0623 8.76044 18.3411
13.0874 8.75096 18.2831
12.1147 8.7422 18.2442
11.1658 8.73621 18.2756
10.2082 8.72969 18.2946
9.217 8.72042 18.2457
8.20391 8.70966 18.1605
7.15745 8.6965 18.0169
6.09099 8.68224 17.8476
4.95486 8.66284 17.5525
41.2727 9.40082 9.97563
40.6459 9.55629 15.5458
39.8751 9.59515 17.064
39.0594 9.60533 17.5877
38.2318 9.60888 17.8816
37.4013 9.61078 18.1184
36.5666 9.61111 18.3012
35.7149 9.60704 18.3334
34.8577 9.60234 18.3449
33.9961 9.59741 18.3491
33.1262 9.5915 18.3206
32.2598 9.58703 18.342
31.39 9.58251 18.362
30.5168 9.57796 18.3819
29.6374 9.57292 18.3861
28.7463 9.56668 18.3504
27.8624 9.56205 18.3699
26.9706 9.55682 18.3696
26.075 9.55156 18.3694
25.1756 9.54628 18.3691
24.2722 9.54098 18.3688
23.365 9.53565 18.3685
22.4538 9.53031 18.3683
21.5377 9.52483 18.3645
20.625 9.52009 18.386
19.7048 9.51494 18.3946
18.7768 9.5094 18.3908
17.8446 9.50382 18.387
16.9095 9.49834 18.3868
15.981 9.49375 18.4167
15.0415 9.48851 18.4261
14.0824 9.48198 18.3943
13.1067 9.4745 18.3325
12.1299 9.46733 18.2821
11.1511 9.46039 18.24
10.2129 9.45676 18.3055
9.22424 9.44973 18.2623
8.21975 9.44194 18.1957
7.20911 9.43411 18.1288
6.11957 9.42141 17.908
4.99654 9.40713 17.6383
3.6993 9.38245 17.0409
41.3112 10.1622 10.8856
40.6563 10.2586 15.744
39.8817 10.2844 17.1691
39.0645 10.291 17.6573
38.2343 10.2927 17.9119
37.4027 10.2937 18.1332
36.5675 10.2938 18.3094
35.7134 10.2905 18.3205
34.8561 10.2871 18.332
33.9924 10.2833 18.322
33.1269 10.2798 18.3258
32.2607 10.2766 18.3478
31.3909 10.2733 18.3678
30.5178 10.2701 18.3877
29.6415 10.2668 18.4076
28.7583 10.2632 18.4102
27.8716 10.2595 18.4137
26.9797 10.2557 18.4105
26.0839 10.2519 18.4074
25.1841 10.2481 18.4042
24.2804 10.2442 18.401
23.3728 10.2404 18.3978
22.4611 10.2365 18.3946
21.547 10.2327 18.397
20.6289 10.2289 18.3991
19.705 10.225 18.3954
18.777 10.221 18.3916
17.8449 10.217 18.3878
16.9126 10.2133 18.3957
15.9842 10.21 18.4256
15.0468 10.2064 18.4406
14.1011 10.2025 18.4434
13.126 10.1972 18.3819
12.1495 10.192 18.3309
11.1765 10.1874 18.3013
10.215 10.1835 18.3104
9.22943 10.1786 18.2741
8.22721 10.1732 18.2123
7.19193 10.1664 18.0916
6.11993 10.1582 17.9087
4.98881 10.1476 17.6224
3.60257 10.126 16.8467
40.6521 10.9542 15.6642
39.8728 10.9689 17.0267
39.0587 10.9736 17.5786
38.2291 10.9748 17.8497
37.3956 10.9753 18.0572
36.5627 10.9757 18.2635
35.7143 10.9744 18.3281
34.8554 10.9722 18.3265
33.9934 10.9701 18.3291
33.1281 10.968 18.3341
32.2616 10.966 18.3537
31.3919 10.9641 18.3736
30.518 10.9621 18.3888
29.6335 10.9596 18.3656
28.7512 10.9575 18.3746
27.8653 10.9553 18.3837
26.9757 10.9532 18.3926
26.0798 10.9509 18.3897
25.1798 10.9486 18.3865
24.2759 10.9463 18.3833
23.3686 10.944 18.382
22.4582 10.9418 18.3843
21.544 10.9395 18.3866
20.6259 10.9372 18.3889
19.7038 10.9349 18.3913
18.7773 10.9326 18.3924
17.8451 10.9302 18.3886
16.9156 10.9281 18.4045
15.9746 10.9257 18.3988
15.0233 10.923 18.3767
14.0839 10.9209 18.3981
13.1444 10.9189 18.4288
12.171 10.9159 18.3842
11.1922 10.9129 18.3391
10.2113 10.91 18.3019
9.22636 10.9071 18.2671
8.21556 10.9036 18.1864
7.17408 10.8993 18.0529
6.1203 10.8949 17.9095
4.95848 10.8877 17.56
40.5253 11.6414 13.2474
39.8238 11.6531 16.2452
39.0325 11.6564 17.2189
38.2111 11.6574 17.6338
37.3773 11.6576 17.8615
36.5445 11.6578 18.0888
35.7129 11.6581 18.3158
34.8598 11.6575 18.3616
33.9966 11.6568 18.3524
33.1299 11.656 18.3461
32.2625 11.6554 18.3595
31.3885 11.6546 18.3533
30.5068 11.6538 18.3259
29.6268 11.653 18.33
28.7441 11.6523 18.339
27.8577 11.6516 18.348
26.9678 11.6509 18.357
26.0742 11.6502 18.3658
25.1755 11.6495 18.3688
24.2724 11.6487 18.3693
23.3658 11.648 18.3716
22.4554 11.6472 18.3739
21.541 11.6465 18.3762
20.6216 11.6457 18.3746
19.6966 11.6449 18.368
18.7673 11.6441 18.3614
17.8342 11.6433 18.3557
16.8993 11.6425 18.3571
15.9519 11.6416 18.3349
14.9998 11.6407 18.3126
14.0618 11.64 18.3399
13.1033 11.6392 18.3237
12.1392 11.6383 18.3053
11.1673 11.6374 18.2792
10.1816 11.6364 18.2321
9.19623 11.6354 18.1983
8.19267 11.6343 18.1355
7.15282 11.6329 18.0069
6.10501 11.6315 17.8772
4.90973 11.6288 17.4596
39.4563 12.3712 10.3849
38.8975 12.3513 15.3699
38.1297 12.3467 16.6561
37.3334 12.3443 17.3927
36.5076 12.3436 17.734
35.6652 12.3437 17.8996
34.822 12.3437 18.0595
33.9688 12.3441 18.1479
33.0983 12.3449 18.1301
32.2234 12.3457 18.1098
31.3443 12.3465 18.0895
30.4611 12.3473 18.0691
29.5802 12.348 18.0833
28.6952 12.3487 18.0942
27.806 12.3494 18.1021
26.95 12.3494 18.2764
26.1209 12.3489 18.5666
25.2438 12.3493 18.6495
24.2805 12.3512 18.4013
23.3195 12.3528 18.1973
22.3931 12.3538 18.1489
21.465 12.3547 18.1122
20.542 12.3555 18.1084
19.6244 12.3561 18.1355
18.7048 12.3568 18.167
17.7764 12.3575 18.1822
16.8366 12.3583 18.1751
15.8925 12.3591 18.168
14.944 12.3599 18.1609
13.9928 12.3608 18.1578
13.0206 12.3618 18.1122
12.0532 12.3627 18.0916
11.0818 12.3635 18.0726
10.0979 12.3645 18.0356
9.09851 12.3656 17.9752
8.06219 12.367 17.8454
7.01232 12.3685 17.7026
5.86125 12.3708 17.3627
4.69392 12.3732 17.0154
36.8203 13.1014 11.9153
36.1346 13.0757 14.1497
35.4361 13.0561 15.8987
34.6651 13.0469 16.8043
33.8399 13.0442 17.1967
33.0012 13.043 17.4658
32.1329 13.0444 17.5326
31.261 13.0458 17.5919
30.3867 13.0473 17.6513
29.4964 13.0497 17.64
28.5971 13.0524 17.6031
27.7328 13.0527 17.7545
26.9311 13.0494 18.1912
26.1767 13.0437 18.8068
25.3348 13.0432 19.0232
24.3739 13.0487 18.7684
23.1922 13.0646 17.7179
22.2715 13.067 17.7095
21.3477 13.0693 17.7048
20.4198 13.0717 17.7001
19.4878 13.0741 17.6954
18.5606 13.0762 17.719
17.6221 13.0785 17.719
16.6781 13.0809 17.7151
15.7259 13.0835 17.7003
14.7714 13.086 17.6912
13.8135 13.0885 17.6851
12.8429 13.0913 17.6574
11.8519 13.0946 17.5914
10.8362 13.0985 17.4799
9.73118 13.105 17.1749
8.64487 13.1106 16.9391
29.3967 13.863 12.0945
28.9072 13.8156 14.5207
28.3255 13.7829 16.2431
27.5827 13.7697 17.0417
26.7722 13.7642 17.4739
26.0876 13.7477 18.4232
25.3943 13.7334 19.2678
24.2272 13.7602 18.1919
23.0943 13.7822 17.3491
22.1665 13.7865 17.33
21.2371 13.7905 17.3204
20.3034 13.7947 17.3108
19.3639 13.7989 17.2963
18.4239 13.8029 17.2941
17.4809 13.8068 17.2951
16.5317 13.8109 17.2902
15.5723 13.8153 17.2687
14.6072 13.8199 17.2445
13.6183 13.8255 17.1703
12.622 13.8313 17.0922
11.5358 13.8417 16.8059
10.4551 13.8512 16.5599
27.5955 14.6047 12.5885
27.2058 14.5309 15.252
26.6068 14.4922 16.727
25.8192 14.4814 17.2688
24.939 14.4829 17.3971
23.9328 14.4991 17.0349
22.9962 14.5062 16.9799
22.0606 14.5126 16.9473
21.1261 14.5184 16.9348
20.1839 14.5246 16.9114
19.2371 14.5308 16.8878
18.2954 14.5362 16.8945
17.3464 14.5418 16.8915
16.3804 14.5486 16.8513
15.4058 14.5558 16.8011
14.4197 14.5635 16.7343
13.408 14.5728 16.6155
12.3374 14.5863 16.3639
25.8979 15.3272 13.5262
25.507 15.2421 15.9254
24.7218 15.2267 16.505
23.8353 15.228 16.6518
22.8875 15.2381 16.5706
21.9437 15.2469 16.5247
20.9985 15.2552 16.4916
20.0486 15.2636 16.4592
19.0939 15.272 16.4266
18.1347 15.2804 16.3951
17.1708 15.2887 16.3644
16.2094 15.2963 16.3548
15.2269 15.3058 16.2988
14.175 15.3222 16.0687
24.0624 16.0714 13.796
23.6521 15.9793 15.9318
22.7756 15.9776 16.149
21.8183 15.9899 16.0714
20.8621 16.0011 16.018
19.9063 16.0115 15.9833
18.9458 16.0219 15.9494
17.9804 16.0323 15.9156
17.0106 16.0427 15.8834
15.9895 16.0595 15.7167
