277
35.9773 7.01415 16.9152
37.3706 7.42197 5.39578
37.2039 7.44153 6.37338
37.5837 7.72707 15.9691
37.3773 7.74093 16.8085
36.4283 7.70752 17.1897
34.3515 7.60347 16.9154
38.31 8.15465 5.035
38.4909 8.1913 6.2852
38.2791 8.2048 7.2091
37.023 8.15835 7.33077
40.7276 8.39462 11.1734
41.173 8.44365 12.5081
41.0227 8.4586 13.3906
40.538 8.4547 14.0316
40.0373 8.44998 14.6638
40.113 8.47703 15.6831
39.4606 8.46393 16.213
38.6415 8.44192 16.6435
37.9702 8.42819 17.1779
36.5504 8.37446 17.264
34.8309 8.30542 17.2004
14.5368 7.45069 14.759
14.546 7.47805 15.9021
41.0642 8.98547 7.26793
41.4732 9.02539 8.6529
41.6862 9.05552 9.85761
41.7912 9.08019 10.9592
41.7113 9.09592 11.9061
41.5664 9.10844 12.7948
41.338 9.11697 13.6155
41.024 9.12148 14.3707
40.6949 9.12524 15.1125
40.3764 9.12943 15.8589
39.8568 9.12457 16.4714
38.9047 9.10055 16.8113
38.1184 9.08416 17.2702
36.5886 9.03532 17.2873
34.8317 8.9772 17.2009
31.6173 8.85661 16.3059
29.6112 8.78956 16.1724
27.5989 8.72307 16.0781
25.2933 8.64492 15.8675
22.8459 8.5617 15.6313
20.5862 8.48738 15.5431
15.5989 8.29995 14.1375
16.134 8.34419 15.5369
15.1627 8.3257 16.1946
41.311 9.66455 7.46804
41.7301 9.6959 8.85681
41.9212 9.71847 10.0403
41.994 9.73642 11.1135
41.8308 9.7456 11.9951
41.6635 9.7545 12.8656
41.4238 9.76071 13.6767
41.1469 9.76551 14.4564
40.871 9.77028 15.2327
40.473 9.77072 15.9234
40.0592 9.7706 16.6034
39.0675 9.7505 16.9151
38.0973 9.7314 17.2571
36.6433 9.69601 17.3206
34.8277 9.6488 17.1985
32.0344 9.5692 16.548
29.9684 9.51497 16.3749
27.8962 9.46118 16.2425
25.8422 9.40866 16.1636
23.6049 9.35074 16.0306
21.1741 9.28719 15.8447
18.8294 9.2272 15.7524
16.856 9.17993 15.8885
15.3277 9.14751 16.2729
12.5821 9.0766 16.1205
41.1461 10.3159 6.26088
41.4579 10.3357 7.58716
41.7853 10.3557 8.90071
41.9155 10.3702 10.0358
41.9963 10.3832 11.1153
41.8685 10.3907 12.0231
41.6875 10.3967 12.8831
41.4126 10.4002 13.6687
41.1378 10.4037 14.4501
40.8487 10.4068 15.2175
40.5222 10.4089 15.9562
40.0153 10.4065 16.5748
39.1016 10.3941 16.9368
38.0761 10.379 17.2439
36.613 10.3536 17.3022
34.9114 10.3226 17.2483
32.3551 10.2714 16.7342
30.3175 10.2333 16.5727
28.1839 10.1934 16.4016
26.1163 10.1555 16.3115
23.8539 10.1135 16.1616
21.4021 10.0676 15.9617
19.1022 10.0258 15.8888
17.0246 9.98956 15.9706
15.4037 9.96425 16.3089
12.6773 9.91403 16.1645
41.3342 10.9995 7.48684
41.7898 11.0135 8.90426
41.9246 11.0223 10.0429
41.9986 11.03 11.117
41.8966 11.0348 12.0441
41.6763 11.0378 12.8749
41.4015 11.04 13.6607
41.1426 11.0423 14.4534
40.7114 11.042 15.1238
40.3532 11.0428 15.8434
39.8874 11.042 16.4913
39.0695 11.036 16.9164
37.9614 11.0257 17.1724
36.5883 11.0118 17.2871
34.8507 10.9927 17.2122
32.5307 10.9654 16.8361
30.5802 10.9438 16.7215
28.4683 10.9201 16.5589
26.3884 10.8972 16.4583
24.1934 10.8729 16.3402
21.6248 10.8437 16.0759
19.3917 10.8195 16.0336
17.2372 10.7967 16.0742
15.3838 10.7783 16.2995
12.7168 10.749 16.1827
7.895 10.6907 15.1509
40.9159 11.6643 7.14774
41.7943 11.6712 8.90781
41.8826 11.6739 10.0103
41.9187 11.6762 11.0562
41.8376 11.678 12.0002
41.6256 11.679 12.838
41.2981 11.6795 13.587
40.9116 11.6796 14.2922
40.3414 11.6788 14.8713
39.9389 11.6789 15.567
39.6095 11.6793 16.3101
38.807 11.6774 16.749
37.7008 11.674 17.01
36.5659 11.6705 17.2735
34.8579 11.6643 17.2165
32.5975 11.6555 16.8748
30.6695 11.6484 16.7721
28.6807 11.641 16.6763
26.6488 11.6336 16.5987
24.4575 11.6255 16.4791
21.8411 11.6156 16.1868
19.6669 11.6078 16.1711
17.3641 11.5995 16.136
15.4133 11.5929 16.3135
12.6704 11.5828 16.1613
8.26068 11.5652 15.3152
39.9103 12.3411 6.33245
40.1442 12.3375 7.59779
40.8279 12.3317 9.19039
40.9122 12.329 10.2903
40.9558 12.3266 11.3434
40.7951 12.3252 12.2326
40.4963 12.3246 13.0152
40.1556 12.3242 13.7648
39.7943 12.324 14.498
39.1596 12.325 15.0471
38.8547 12.3245 15.8177
38.4839 12.3242 16.543
37.4404 12.3273 16.8478
36.216 12.3312 17.0605
34.5241 12.3374 17.0181
32.6641 12.3442 16.9135
30.6767 12.3516 16.7762
28.9683 12.3576 16.8353
26.6543 12.3664 16.6017
24.4908 12.3743 16.4967
22.2715 12.3824 16.4076
19.9408 12.391 16.3081
17.4902 12.3999 16.1974
15.2324 12.4079 16.2277
12.3906 12.4185 16.0321
7.89079 12.4365 15.149
39.0334 13.0232 7.79547
39.3748 13.011 9.12036
39.6847 12.9995 10.3966
39.6342 12.9936 11.3865
39.3671 12.9912 12.2099
39.0208 12.99 12.9731
38.6347 12.9894 13.7067
38.249 12.9888 14.4395
37.6014 12.9921 15.0002
36.9519 12.9954 15.5662
36.3628 12.9978 16.1765
35.6121 13.0025 16.6929
33.9769 13.02 16.6928
32.2871 13.0381 16.6947
30.4832 13.0576 16.6665
29.0215 13.072 16.8647
26.5972 13.0999 16.5709
24.4109 13.124 16.4547
22.1422 13.1491 16.3412
19.7557 13.1754 16.2155
17.5315 13.1992 16.2175
14.9895 13.2272 16.1125
12.0011 13.2608 15.8522
36.4175 13.7502 7.96317
36.9464 13.7251 9.42732
37.6247 13.6964 10.9672
37.4597 13.6895 11.884
36.8867 13.693 12.514
36.2417 13.6982 13.1002
35.7425 13.6997 13.7876
35.0523 13.706 14.3552
34.2879 13.7139 14.8838
33.3049 13.7271 15.2887
32.3133 13.7404 15.7039
31.1699 13.7571 16.0462
29.8691 13.7774 16.3186
29.0149 13.7868 16.8611
25.7887 13.8522 16.1348
23.6016 13.8924 16.0288
21.3994 13.9325 15.9603
19.1892 13.9722 15.9323
16.9227 14.0128 15.921
14.5116 14.0562 15.8858
11.5766 14.1111 15.6562
29.4512 14.6669 5.13818
31.1642 14.5887 7.49198
31.723 14.5522 8.99067
32.0515 14.5242 10.3044
31.8265 14.5159 11.2333
31.4869 14.5116 12.082
31.2302 14.5046 12.9788
30.901 14.5001 13.8256
30.419 14.5008 14.5777
29.9073 14.5025 15.3133
29.0836 14.5147 15.8735
28.4247 14.5212 16.5348
24.8488 14.6242 15.6277
22.6699 14.68 15.5387
20.4217 14.7374 15.4588
18.2194 14.7926 15.4475
16.0195 14.8471 15.4811
13.2581 14.919 15.2912
29.7081 15.3727 7.61585
29.946 15.3403 8.8996
30.0368 15.3148 10.0659
30.0114 15.2948 11.1413
29.7681 15.2847 12.0679
29.5262 15.2747 12.9888
29.2116 15.268 13.86
28.8209 15.2646 14.6827
28.0965 15.2757 15.3142
26.1934 15.3371 15.301
24.1533 15.4036 15.2526
21.86 15.48 15.1126
19.6505 15.552 15.0632
17.4359 15.6233 15.0558
15.0342 15.7015 15.0012
28.1423 16.1818 7.69614
28.3552 16.1434 8.96899
28.4508 16.1118 10.1463
28.3579 16.0908 11.1893
28.1442 16.0766 12.1477
27.8894 16.0647 13.074
27.6085 16.0543 13.979
27.093 16.0565 14.7456
25.3853 16.121 14.8542
23.2961 16.2046 14.7901
21.0653 16.2944 14.6945
18.7508 16.3875 14.6017
16.4966 16.4764 14.5863
25.7216 17.0669 7.25109
26.2182 17.0028 8.72292
26.4629 16.9555 10.0087
26.2978 16.9349 11.0239
26.1272 16.9148 12.0265
25.8145 16.9038 12.9377
25.291 16.9062 13.7246
24.4521 16.928 14.3381
22.3843 17.0251 14.2983
19.9956 17.1406 14.1317
