289
12.0894 7.26408 20.7966
10.9685 7.3885 8.89432
10.8164 7.40154 8.1201
10.523 7.98143 20.4743
10.5607 7.98247 19.6999
11.8982 7.91235 19.1655
10.0118 8.05222 9.60874
9.89457 8.06159 8.8434
9.81319 8.06901 8.08299
35.03 6.70712 7.99781
35.4532 6.68826 6.98833
10.0184 8.62047 21.1481
9.92397 8.62747 20.3511
9.85516 8.63327 19.5623
10.4301 8.60923 18.8948
12.6725 8.50804 18.5061
33.8047 7.54007 19.1068
34.1043 7.52967 18.1255
35.9278 7.44901 17.3236
9.3396 8.68789 10.3238
9.28836 8.69278 9.56689
9.15396 8.70147 8.80829
9.1367 8.70478 8.05797
33.2555 7.60267 7.95065
33.2285 7.60726 6.95233
9.4454 9.2567 21.0241
8.10079 9.30987 19.976
8.80765 9.28514 19.3579
9.49373 9.26123 18.7222
10.1368 9.23898 18.0655
13.964 9.09626 17.9158
14.7375 9.06925 17.2204
14.6114 9.07627 16.3821
14.4859 9.08326 15.5478
14.3792 9.08953 14.7197
14.337 9.09335 13.9022
14.3154 9.0964 13.0889
14.36 9.09694 12.2833
8.68867 9.3125 11.0276
8.06223 9.3381 10.2365
6.14872 9.41201 9.38525
7.80671 9.35176 8.74441
8.9409 9.31125 8.05073
23.1397 8.78125 7.68179
31.7811 8.46014 6.9289
35.9518 8.30679 5.97206
4.80355 10.0035 20.0196
4.30394 10.0198 19.1949
4.09706 10.0274 18.4391
18.2301 9.61228 20.3332
4.07856 10.031 17.0128
4.16767 10.0299 16.3176
30.0837 9.26913 19.5614
37.9906 9.03883 19.701
39.7776 8.98863 18.8709
40.9282 8.95717 17.9278
41.2475 8.95015 16.8704
41.5792 8.94277 15.8093
41.8747 8.93646 14.7396
41.9323 8.93713 13.6466
41.9864 8.93789 12.5539
4.83099 10.0256 9.30902
6.61514 9.97504 8.68792
8.69807 9.91584 8.04174
21.0571 9.55722 7.62644
31.6446 9.25075 6.92669
36.1276 9.12239 5.97308
4.60375 10.5781 19.9763
4.17926 10.5882 19.1693
15.9321 10.3416 20.7476
18.6455 10.2857 20.4098
21.8653 10.2193 20.1035
26.3476 10.1264 19.9362
30.9261 10.0317 19.6899
37.9101 9.88657 19.6896
40.0448 9.84341 18.906
41.0298 9.82442 17.9401
41.4474 9.81735 16.8925
41.6839 9.81407 15.8197
41.9174 9.81087 14.7434
42.0419 9.80994 13.6552
42.1051 9.8103 12.562
41.934 9.81555 11.4556
6.04281 10.5655 8.66078
8.62521 10.5128 8.03905
19.4396 10.2888 7.58345
30.0192 10.0701 6.90038
36.0133 9.94694 5.97241
5.06757 11.1403 20.8025
4.41785 11.1492 19.9361
4.05432 11.1545 19.1436
16.1768 11.0019 20.7953
18.9882 10.9671 20.473
22.2841 10.9263 20.1763
26.8728 10.8692 20.0219
31.6592 10.8098 19.8017
37.7586 10.7339 19.6681
40.0917 10.7055 18.9122
41.0831 10.694 17.9465
41.3987 10.691 16.8871
41.6756 10.6885 15.8189
41.9073 10.6866 14.7425
42.1106 10.6851 13.6607
42.122 10.686 12.5632
41.9687 10.6889 11.4576
5.64265 11.1443 8.64181
8.62814 11.1077 8.03916
18.5151 10.9848 7.55888
28.4929 10.8611 6.87568
35.8515 10.7702 5.97147
5.07228 11.7134 20.8036
4.37194 11.7166 19.9262
4.06607 11.7181 19.146
16.466 11.6661 20.8518
19.3286 11.6543 20.5358
23.0593 11.6388 20.311
27.4042 11.6208 20.1086
31.7461 11.6029 19.815
37.5276 11.5789 19.6353
39.5994 11.5706 18.8475
40.467 11.5672 17.8721
40.7861 11.5662 16.8195
41.5156 11.5635 15.8029
41.8725 11.5624 14.7394
42.09 11.5618 13.659
42.0616 11.5622 12.559
41.8927 11.5633 11.4532
5.50243 11.7154 8.63516
8.65401 11.7024 8.04012
17.4151 11.6662 7.52964
27.2819 11.6254 6.85608
5.30058 12.2875 20.8554
4.58733 12.2843 19.9728
4.24634 12.2826 19.1831
4.04678 12.2816 18.4293
19.6719 12.3472 20.5991
23.5629 12.3633 20.3985
27.4182 12.3792 20.1109
31.8064 12.3974 19.8242
36.7578 12.4178 19.526
38.9275 12.4266 18.7592
39.3466 12.4281 17.7367
39.7285 12.4293 16.7029
40.291 12.4314 15.6807
40.5673 12.4322 14.6229
40.7342 12.4325 13.5522
40.7388 12.4322 12.4687
40.4856 12.4308 11.3718
5.93065 12.2864 8.65546
8.89818 12.2986 8.04915
17.1687 12.3328 7.52309
27.7697 12.3766 6.86398
5.53042 12.8655 20.9076
4.9004 12.8569 20.0405
4.45576 12.8506 19.2261
4.25479 12.8474 18.4699
4.05533 12.8442 17.7193
23.3261 13.0869 20.3574
27.6447 13.1405 20.1478
31.1281 13.1835 19.7207
34.9627 13.2309 19.2712
36.5794 13.2503 18.4507
37.1908 13.2571 17.4762
38.0615 13.267 16.519
38.3994 13.2703 15.492
38.6991 13.2731 14.4561
38.9825 13.2757 13.4142
38.9512 13.2743 12.3466
4.66824 12.8441 9.2996
6.25545 12.8633 8.67086
9.24838 12.9001 8.0621
17.0917 12.9974 7.52104
28.2548 13.1359 6.87183
5.038 13.431 20.0703
4.5835 13.4203 19.2524
4.36595 13.4146 18.4916
4.19531 13.41 17.7451
22.7741 13.7998 20.2615
26.2903 13.8724 19.9269
30.0055 13.949 19.5495
32.1124 13.9917 18.8665
33.13 14.0115 17.9975
34.0653 14.0296 17.0985
34.6587 14.0405 16.1437
35.4704 14.0559 15.1997
35.8655 14.0626 14.2031
36.1745 14.0674 13.193
35.7936 14.0579 12.1309
4.89185 13.4115 9.31254
6.46459 13.4433 8.68078
9.64371 13.5084 8.07672
18.6273 13.6943 7.56186
26.5081 13.8569 6.84356
5.11164 14.0056 20.0862
4.75302 13.9935 19.2873
4.47836 13.9838 18.5135
4.26311 13.9759 17.7576
4.12919 13.9705 17.0216
24.4198 14.5663 19.6217
28.9316 14.697 19.3856
29.7598 14.7193 18.5326
30.2971 14.7329 17.6253
30.6654 14.7416 16.6877
30.8952 14.7463 15.7286
31.0065 14.7474 14.7543
31.1524 14.7496 13.7824
31.2738 14.751 12.8069
31.1488 14.7453 11.8136
5.02905 13.9802 9.32048
6.76916 14.0295 8.69522
10.5819 14.1391 8.11142
25.7404 14.5793 7.75091
26.5125 14.5998 6.84363
5.41408 14.5901 20.1517
4.93298 14.5699 19.3243
4.61471 14.5558 18.5401
4.37371 14.5447 17.778
4.20316 14.5363 17.0344
4.12976 14.5315 16.3114
26.2187 15.365 18.9718
28.4797 15.4478 18.3509
28.9211 15.4618 17.4445
29.2202 15.4704 16.5131
29.3546 15.4728 15.5587
29.4439 15.4735 14.5984
29.5013 15.473 13.635
29.4026 15.4667 12.6595
4.69365 14.5353 10.0064
5.18887 14.5519 9.32972
7.55922 14.6389 8.73268
12.3503 14.8166 8.17683
6.50127 15.2137 19.6469
5.20066 15.1509 18.6544
5.01269 15.1398 17.8958
4.81931 15.1284 17.1415
4.63137 15.1173 16.3932
4.54966 15.1111 15.6663
4.49212 15.1061 14.9456
4.44457 15.1015 14.2285
4.45064 15.0994 13.52
4.46909 15.0979 12.8138
4.60346 15.1017 12.1199
4.79983 15.1083 11.4298
5.00689 15.1155 10.7375
5.8127 15.1501 10.0829
7.17909 15.2104 9.44486
9.37779 15.3088 8.8189
24.82 16.0141 8.63805
10.3085 16.0037 19.6507
9.44247 15.9532 18.7127
8.94302 15.9228 17.8581
8.68676 15.9058 17.0549
8.36566 15.8852 16.2484
8.01158 15.8629 15.4452
7.93459 15.8557 14.687
7.90659 15.8513 13.9376
7.87864 15.8468 13.1899
8.15541 15.8589 12.4743
8.48058 15.8736 11.7584
8.74718 15.8851 11.0322
9.00864 15.8963 10.3012
9.86544 15.9398 9.60028
12.9457 16.1038 8.98806
12.1067 16.7297 19.204
11.2249 16.6704 18.2546
10.8425 16.6427 17.4066
10.5165 16.6185 16.5765
10.3445 16.6041 15.7764
10.2417 16.5941 14.9902
10.1394 16.5842 14.2074
10.1411 16.5808 13.4394
10.291 16.5867 12.6874
10.4412 16.5926 11.9334
10.5918 16.5985 11.1775
10.7427 16.6044 10.4196
11.6334 16.6566 9.70256
23.008 17.3646 9.46514
13.5587 17.4601 18.6601
13.1382 17.4258 17.7811
12.9502 17.4082 16.9477
12.7431 17.3892 16.1169
12.6969 17.3818 15.3128
12.6908 17.3772 14.5157
12.5703 17.3645 13.7074
12.4241 17.35 12.9002
12.4662 17.3489 12.1142
12.52 17.3486 11.3294
12.5738 17.3483 10.5447
14.3133 17.4676 9.8576
