362
35.9909 7.59662 16.0821
35.6431 7.62743 17.0647
34.6656 7.59844 17.1391
33.2936 7.53387 16.6883
36.4239 7.88581 5.08223
36.0153 7.91566 6.21501
34.9436 7.88622 6.22665
37.4554 8.28412 15.2372
37.0816 8.30866 16.1978
36.6425 8.32716 17.0423
35.7838 8.31143 17.2675
34.7366 8.28123 17.2392
33.6722 8.25052 17.2105
32.5044 8.21272 17.0658
40.5873 8.89237 10.5769
40.4845 8.93567 12.11
40.163 8.96158 13.2264
39.816 8.98484 14.2732
39.4122 9.00335 15.204
39.0214 9.02219 16.136
38.2713 9.01578 16.4949
37.4805 9.00681 16.7991
36.8123 9.00628 17.2926
35.8188 8.98438 17.3178
34.7631 8.95908 17.2765
33.6509 8.93088 17.1811
32.5547 8.90448 17.1336
30.9071 8.84456 16.3824
29.5865 8.80628 16.1081
28.3725 8.77548 16.0029
27.1615 8.74566 15.9286
25.7388 8.70415 15.6238
12.5742 8.39692 15.3842
11.8637 8.40125 16.0738
10.1822 8.35603 15.8423
40.6501 9.54574 8.92191
40.8789 9.60009 11.0936
40.6548 9.62648 12.4048
40.3621 9.64811 13.563
39.9737 9.66371 14.5337
39.5697 9.67795 15.458
39.0748 9.68683 16.2202
38.4018 9.68591 16.6961
37.5994 9.67822 16.9782
36.8144 9.67166 17.2957
35.8304 9.65511 17.3346
34.6931 9.63131 17.1777
33.6524 9.61298 17.1831
32.5794 9.59358 17.1669
31.0543 9.55288 16.5767
29.8099 9.52665 16.3968
28.6026 9.50286 16.2939
27.3985 9.47985 16.2221
26.1639 9.45603 16.139
24.9337 9.43303 16.0875
23.6487 9.40816 15.9977
22.3347 9.38264 15.9015
21.0044 9.35703 15.8144
19.6606 9.33148 15.7396
18.2939 9.30556 15.6669
16.8992 9.27909 15.5915
15.3209 9.24562 15.3546
14.1262 9.22865 15.5369
13.3348 9.22843 16.1332
12.0297 9.20763 16.234
10.479 9.17756 16.1229
39.9953 10.1883 5.87671
40.87 10.2563 9.32113
40.9414 10.2884 11.2045
40.7003 10.3065 12.4835
40.363 10.3201 13.5646
40.0034 10.3324 14.5827
39.6264 10.3436 15.5496
39.1431 10.3504 16.328
38.4488 10.3489 16.7685
37.6213 10.3424 17.0111
36.8074 10.3366 17.2854
35.8238 10.3248 17.3251
34.7069 10.3086 17.1973
33.6648 10.2954 17.2003
32.5935 10.2816 17.1859
31.16 10.2557 16.7162
29.9484 10.238 16.5757
28.7466 10.2212 16.476
27.5274 10.2042 16.3816
26.2925 10.1871 16.2949
25.0655 10.1707 16.244
23.8223 10.1542 16.1993
22.5338 10.1367 16.128
21.1952 10.1181 16.027
19.7834 10.0977 15.8736
18.4579 10.0804 15.8422
17.0744 10.0617 15.7749
15.7178 10.0443 15.7618
14.4429 10.0297 15.8552
13.4553 10.0238 16.2519
11.987 10.0042 16.1928
10.4893 9.98426 16.1327
8.93348 9.96312 16.0454
40.1572 10.9172 6.17786
40.8794 10.954 9.33819
40.9584 10.9735 11.2345
40.7255 10.9845 12.5271
40.3631 10.9921 13.5648
40.0052 10.9995 14.5857
39.5991 11.0055 15.5055
39.1504 11.0104 16.3394
38.4481 11.0093 16.7675
37.6431 11.0059 17.0441
36.8049 11.0019 17.2817
35.8173 10.9948 17.3157
34.8062 10.9873 17.3372
33.715 10.9783 17.2695
32.6003 10.9691 17.1952
31.2723 10.9557 16.8645
30.0824 10.9456 16.7488
28.8857 10.9355 16.6519
27.6476 10.9249 16.5305
26.4205 10.9148 16.45
25.1893 10.9048 16.3908
23.9501 10.895 16.3478
22.6644 10.8845 16.2766
21.2991 10.8728 16.1429
19.856 10.8599 15.9528
18.5799 10.8504 15.9726
17.2208 10.8397 15.9283
15.866 10.8292 15.9138
14.5575 10.8199 15.9704
13.5078 10.8152 16.3035
12.0244 10.8032 16.2289
10.4821 10.7904 16.1258
8.9661 10.7784 16.0756
6.63 10.753 15.3076
4.30995 10.7285 14.6095
40.9077 11.6516 9.38945
40.9617 11.6579 11.2404
40.75 11.6617 12.5695
40.4403 11.6647 13.6952
39.8705 11.6654 14.3633
39.3289 11.6664 15.0695
38.9048 11.6682 15.9521
38.349 11.669 16.6147
37.5371 11.6678 16.8844
36.6741 11.6663 17.089
35.8107 11.6649 17.3062
34.7957 11.6624 17.3224
33.6942 11.6593 17.2408
32.6003 11.6564 17.1951
31.2838 11.652 16.8798
30.1343 11.6489 16.816
28.973 11.6458 16.7624
27.7673 11.6424 16.6786
26.5434 11.6391 16.599
25.3125 11.6357 16.537
24.0655 11.6324 16.4819
22.7808 11.6289 16.4091
21.3969 11.6249 16.2518
19.9656 11.6207 16.0724
18.701 11.6176 16.1021
17.3453 11.614 16.0586
15.9939 11.6105 16.045
14.6831 11.6074 16.0966
13.5204 11.6051 16.316
12.1206 11.6016 16.3217
10.6069 11.5975 16.2438
9.00661 11.593 16.1132
6.80138 11.5853 15.4632
4.92398 11.5795 15.1557
39.6071 12.3595 7.02844
40.4748 12.3462 10.3774
40.3388 12.3417 11.8579
39.9525 12.3393 12.8706
39.5343 12.3373 13.8081
39.0481 12.3358 14.6164
38.5812 12.3343 15.4417
38.1916 12.3322 16.3721
37.4085 12.3331 16.6906
36.5433 12.3346 16.8962
35.6848 12.336 17.1248
34.7735 12.3378 17.2911
33.7197 12.3405 17.276
32.553 12.344 17.1313
31.3141 12.3478 16.9198
30.1584 12.351 16.8471
28.9978 12.3541 16.7937
27.7968 12.3574 16.7151
26.6102 12.3605 16.68
25.3973 12.3637 16.6377
24.1592 12.367 16.5907
22.8958 12.3704 16.5399
21.5911 12.3739 16.4682
20.1364 12.3783 16.2589
18.8177 12.3817 16.2269
17.4715 12.3853 16.1908
16.1132 12.3888 16.1674
14.7237 12.3924 16.1375
13.5125 12.3949 16.3081
12.1101 12.3985 16.3116
10.5934 12.4026 16.2311
8.94183 12.4073 16.0532
6.94481 12.4139 15.5934
5.05206 12.4198 15.2696
38.212 13.0957 6.36706
39.2917 13.051 10.0456
39.1935 13.0364 11.5875
38.8392 13.0285 12.66
38.4317 13.022 13.6218
37.9526 13.0175 14.4504
37.2763 13.0175 14.961
36.8592 13.0117 15.8627
36.344 13.0083 16.6025
35.4724 13.0128 16.8187
34.5286 13.0187 16.9459
33.4562 13.0272 16.9127
32.3708 13.0357 16.8856
31.2885 13.0439 16.8859
30.1508 13.053 16.8373
28.9858 13.0625 16.7785
27.7597 13.0729 16.6692
26.6988 13.0798 16.7873
25.404 13.091 16.6456
24.1644 13.1009 16.5968
22.8902 13.1112 16.5336
21.5906 13.1218 16.4676
20.2867 13.1321 16.4229
18.928 13.1432 16.3447
17.5996 13.1535 16.3249
16.2071 13.1647 16.2637
14.7808 13.1762 16.1948
13.4987 13.185 16.2946
12.0468 13.1964 16.2505
10.58 13.2079 16.2183
8.80878 13.2242 15.9299
6.96927 13.2413 15.6156
4.94536 13.2611 15.1747
36.728 13.8276 7.41976
37.7447 13.7579 10.8525
37.4297 13.7428 12.0048
36.932 13.7353 12.8407
36.4384 13.7279 13.6694
35.9327 13.7211 14.4662
35.2463 13.7212 14.9847
34.6323 13.7187 15.6079
33.9695 13.718 16.1576
33.1552 13.7227 16.4974
32.1618 13.7335 16.6035
31.1009 13.7463 16.6383
29.9978 13.7603 16.6395
28.8792 13.7744 16.6437
27.7488 13.7885 16.6558
26.8409 13.795 16.9595
25.3402 13.8204 16.5699
24.1187 13.8363 16.5437
22.8519 13.8533 16.49
21.5616 13.8705 16.4353
20.242 13.8882 16.3741
18.9052 13.9061 16.3203
17.5201 13.9249 16.2417
16.1404 13.9431 16.1953
14.8232 13.9591 16.2375
13.4367 13.9767 16.2335
11.9336 13.9973 16.1413
10.4044 14.0181 16.0524
8.6691 14.0443 15.8005
6.91346 14.0704 15.5649
4.71677 14.1081 14.9713
34.9519 14.4984 11.3777
34.4096 14.4897 12.1707
33.6987 14.4899 12.704
32.9473 14.4922 13.1792
32.2311 14.4927 13.707
31.6137 14.4883 14.3715
30.9294 14.4872 14.9406
30.1137 14.4926 15.3348
29.3495 14.4953 15.8018
28.4582 14.5039 16.1113
27.6197 14.5099 16.4959
26.9758 14.5068 17.123
25.0276 14.5627 16.199
23.7616 14.5868 16.1288
22.5001 14.6101 16.0897
21.2108 14.634 16.0444
19.918 14.6575 16.0205
18.6227 14.6805 16.0184
17.3078 14.7038 16.0193
15.9686 14.7275 16.0191
14.6015 14.7519 16.0146
13.2814 14.7737 16.0806
11.7361 14.8041 15.9508
10.1928 14.8338 15.8524
8.55063 14.8666 15.6908
6.78402 14.9036 15.4474
29.5116 15.4301 8.22736
29.7676 15.3645 10.2341
29.6033 15.3276 11.599
29.3645 15.2964 12.829
28.9794 15.2752 13.8371
28.4656 15.2624 14.6597
27.8937 15.2535 15.3973
27.1622 15.2543 15.9295
26.5838 15.2461 16.6479
24.6134 15.319 15.7075
23.3454 15.3498 15.6452
22.0758 15.3799 15.6069
20.7865 15.4103 15.5716
19.4686 15.4416 15.53
18.1508 15.4721 15.5139
16.8248 15.5023 15.5136
15.4972 15.5319 15.5355
14.1687 15.5609 15.5797
12.8181 15.5904 15.6244
11.2992 15.6278 15.5293
9.72265 15.6674 15.4079
7.63572 15.7318 14.8433
27.8582 16.2633 7.54228
28.1842 16.1778 9.64186
28.116 16.125 11.1443
27.8444 16.0892 12.3385
27.5619 16.055 13.492
27.1432 16.0319 14.4482
26.5178 16.0245 15.1317
25.5035 16.0452 15.3385
24.2697 16.081 15.2996
23.042 16.1154 15.2927
21.767 16.1523 15.2555
20.4469 16.1914 15.1932
19.1168 16.2302 15.1461
17.794 16.2675 15.1324
16.4724 16.3039 15.1446
15.1428 16.3399 15.1719
13.7799 16.3773 15.1889
12.353 16.4179 15.1664
10.5948 16.4784 14.8497
26.153 17.1248 6.84067
26.6114 17.0119 9.1141
26.5955 16.9447 10.6895
26.3927 16.8958 11.9812
26.1194 16.8544 13.1532
25.8091 16.8173 14.2543
25.1812 16.8081 14.9479
23.911 16.8531 14.874
22.6693 16.8946 14.8596
21.4044 16.937 14.843
20.0972 16.9817 14.8035
18.761 17.0277 14.7577
17.4491 17.0706 14.7637
16.0555 17.1189 14.7079
14.724 17.1613 14.7423
13.3228 17.208 14.7295
24.1104 17.9627 7.40837
24.7409 17.8177 9.8468
24.5991 17.7544 11.2306
24.3634 17.7021 12.4645
23.9983 17.6639 13.5143
23.5124 17.6384 14.4009
22.2804 17.6848 14.4077
21.0053 17.7342 14.3888
19.7178 17.7835 14.3807
18.3944 17.835 14.3577
17.0282 17.889 14.3138
15.5896 17.9484 14.22
14.0185 18.018 14.0186
