365
33.7799 8.08967 7.48377
34.6548 8.09941 7.29297
35.539 8.10069 7.28707
12.0442 8.72186 9.04364
12.9825 8.7275 8.91671
13.8969 8.72871 8.90716
14.7844 8.72396 9.05588
14.0716 8.33161 19.504
32.0364 8.76199 8.47123
32.8929 8.79941 7.49449
33.7709 8.807 7.31391
34.6493 8.81188 7.20568
35.5294 8.81452 7.15709
36.411 8.81584 7.14394
37.3872 8.77948 8.13815
11.1114 9.44717 9.12896
12.0322 9.44856 9.10427
12.9655 9.45206 9.00762
13.9035 9.45675 8.86988
14.8197 9.45819 8.84358
15.6824 9.44976 9.15414
16.5573 9.44258 9.42223
17.4698 9.44246 9.44908
18.402 9.44694 9.31842
19.326 9.45016 9.23103
20.2451 9.45263 9.16942
21.1649 9.45587 9.08126
22.0816 9.45885 9.00193
22.9986 9.46281 8.88864
23.9109 9.46586 8.80679
24.8213 9.46906 8.71977
25.7285 9.47166 8.65332
26.6329 9.47333 8.61841
27.5373 9.47669 8.52576
28.4394 9.48058 8.41476
29.3388 9.48339 8.34093
30.2366 9.48537 8.29524
31.1326 9.48768 8.23834
32.0149 9.50091 7.80676
32.8892 9.51319 7.40722
33.7679 9.51818 7.25808
34.6551 9.51767 7.29771
35.531 9.52179 7.17814
36.4062 9.5251 7.08664
37.2873 9.52587 7.08221
38.2307 9.50923 7.6764
39.1639 9.49815 8.07934
40.3468 9.43115 10.4069
7.09572 10.1456 10.5162
8.13504 10.1554 10.0704
9.09363 10.1587 9.93381
10.0756 10.1646 9.6751
11.1162 10.177 9.10599
12.041 10.1785 9.0596
12.9484 10.1781 9.09871
13.9008 10.1831 8.8852
14.8281 10.1855 8.79295
15.7245 10.1841 8.88339
16.5998 10.1794 9.12935
17.5133 10.1799 9.1257
18.4334 10.1817 9.06491
19.3536 10.1838 8.98792
20.2667 10.1848 8.96034
21.1865 10.1876 8.84842
22.1007 10.1897 8.76923
23.0107 10.1912 8.72141
23.9204 10.1931 8.65296
24.8301 10.1958 8.54609
25.7356 10.1977 8.47744
26.6396 10.1998 8.39754
27.5412 10.2018 8.32749
28.4408 10.2035 8.26519
29.3387 10.2058 8.17867
30.2347 10.2072 8.13321
31.1282 10.2097 8.03699
32.0122 10.2167 7.7218
32.8888 10.2239 7.3978
33.7683 10.2271 7.26418
34.6573 10.2262 7.33112
35.5277 10.2308 7.13352
36.4057 10.2323 7.0806
37.2915 10.2318 7.12664
38.2107 10.2248 7.48618
39.1314 10.2188 7.79714
40.2551 10.1803 9.67666
7.21017 10.8931 10.0588
8.18111 10.8957 9.87823
9.14758 10.8982 9.69845
10.1278 10.9018 9.43599
11.1163 10.9062 9.10535
12.0536 10.9079 8.99594
12.9591 10.9076 9.04165
13.9093 10.9104 8.83736
14.8303 10.9115 8.77963
15.7341 10.9112 8.82141
16.6114 10.9086 9.0492
17.5319 10.9097 8.98751
18.4501 10.9107 8.93099
19.3698 10.912 8.84606
20.2881 10.9135 8.75231
21.2021 10.9147 8.68022
22.1131 10.9157 8.61913
23.0221 10.9167 8.56247
23.9303 10.9179 8.49034
24.8377 10.9193 8.3973
25.7412 10.9204 8.33915
26.6433 10.9214 8.27493
27.5437 10.9226 8.20234
28.4421 10.9239 8.1254
29.3385 10.9254 8.02808
30.2325 10.9267 7.9419
31.1242 10.9281 7.85624
32.0117 10.9302 7.70716
32.8884 10.9345 7.38839
33.7679 10.9364 7.25674
34.6465 10.9378 7.1617
35.5245 10.939 7.09094
36.4058 10.9394 7.08197
37.2957 10.9385 7.17111
38.1971 10.9365 7.35644
39.1034 10.9343 7.55448
40.2174 10.9119 9.37719
6.07054 11.6275 10.8698
7.2428 11.6316 9.92846
8.20303 11.6323 9.78679
9.15911 11.6329 9.6481
10.1309 11.634 9.42196
11.109 11.6353 9.14058
12.0637 11.6362 8.94509
12.9889 11.6365 8.88247
13.911 11.6369 8.82764
14.8314 11.6372 8.77268
15.731 11.637 8.84131
16.6317 11.6368 8.90954
17.55 11.6371 8.85313
18.4667 11.6375 8.79682
19.3839 11.6379 8.72186
20.2973 11.6382 8.664
21.2091 11.6385 8.60392
22.1222 11.639 8.50839
23.0325 11.6395 8.41809
23.9402 11.64 8.33057
24.8449 11.6404 8.25684
25.7469 11.6407 8.20026
26.6472 11.641 8.14379
27.5461 11.6414 8.07754
28.4434 11.6419 7.98606
29.3384 11.6423 7.91206
30.2313 11.6427 7.83976
31.1223 11.6431 7.76763
32.0091 11.6437 7.62641
32.8886 11.6448 7.39413
33.7689 11.6454 7.2766
34.6477 11.6459 7.18113
35.5254 11.6463 7.10307
36.406 11.6465 7.0849
37.3015 11.6459 7.2324
38.2099 11.645 7.47818
39.1444 11.6433 7.91037
40.2555 11.636 9.68055
7.21973 12.3688 10.0207
8.20251 12.3677 9.78897
9.17417 12.3668 9.5824
10.1408 12.3658 9.3767
11.0972 12.365 9.19728
12.0474 12.3642 9.02747
12.9793 12.3637 8.93389
13.9037 12.3633 8.86909
14.8241 12.363 8.817
15.721 12.3633 8.9056
16.6396 12.363 8.85468
17.56 12.3626 8.77949
18.478 12.3622 8.70624
19.3931 12.3618 8.64079
20.3053 12.3615 8.58628
21.2152 12.3612 8.53904
22.1269 12.3607 8.4513
23.0364 12.3603 8.36321
23.9426 12.3599 8.29151
24.8461 12.3595 8.23202
25.7484 12.3591 8.16194
26.6492 12.3587 8.07721
27.5477 12.3583 7.99954
28.4439 12.3579 7.9377
29.3383 12.3576 7.87536
30.231 12.3572 7.81315
31.1216 12.3568 7.73462
32.0109 12.3565 7.68309
32.893 12.3556 7.49606
33.7701 12.3547 7.29786
34.6501 12.3543 7.21896
35.5297 12.354 7.16106
36.4127 12.3539 7.16365
37.3128 12.3546 7.35134
38.2227 12.3555 7.60026
39.1997 12.3587 8.38978
40.3229 12.3662 10.2169
7.18065 13.1084 10.1768
8.17599 13.1046 9.89959
9.16391 13.1009 9.62718
10.1271 13.0983 9.43963
11.0803 13.0959 9.27817
12.0305 13.0936 9.11281
12.9642 13.0921 9.01453
13.8928 13.0907 8.93072
14.8076 13.0903 8.91631
15.7229 13.0897 8.89379
16.6422 13.0887 8.83724
17.5623 13.0875 8.76208
18.4804 13.0863 8.6871
19.3964 13.085 8.61228
20.3103 13.0838 8.53762
21.2221 13.0826 8.46481
22.1315 13.0815 8.39589
23.0381 13.0805 8.33918
23.9431 13.0795 8.283
24.8467 13.0784 8.22107
25.7485 13.0774 8.15927
26.6489 13.0762 8.08697
27.5473 13.0751 8.0191
28.4436 13.0741 7.96261
29.3383 13.073 7.90023
30.2309 13.0715 7.80097
31.1218 13.0706 7.74547
32.0113 13.0696 7.69463
32.898 13.0684 7.61423
33.7801 13.0665 7.48653
34.663 13.0654 7.42108
35.5522 13.0657 7.46558
36.447 13.0667 7.5706
37.359 13.0698 7.84058
38.4141 13.0893 9.42352
39.5436 13.1133 11.3727
7.14684 13.8501 10.3119
8.15188 13.8431 10.0002
9.1491 13.8362 9.69178
10.1075 13.8323 9.5292
11.0592 13.8287 9.37979
12.0064 13.8252 9.23504
12.9393 13.8229 9.14755
13.8688 13.8207 9.06663
14.7967 13.8185 8.98156
15.7247 13.8159 8.88199
16.6447 13.8141 8.81981
17.5624 13.8124 8.76104
18.4747 13.8114 8.73276
19.3865 13.8102 8.699
20.2989 13.8087 8.64825
21.2097 13.8071 8.59758
22.1242 13.8043 8.48476
23.0376 13.801 8.34622
23.9424 13.7994 8.29423
24.8454 13.798 8.24721
25.7469 13.7965 8.20026
26.6476 13.7946 8.13069
27.5478 13.7912 7.99034
28.4436 13.7903 7.97112
29.3385 13.7912 8.03591
30.2334 13.7905 8.02285
31.1263 13.7885 7.9502
32.0177 13.7868 7.89237
32.9088 13.7859 7.8676
33.8007 13.7856 7.87506
34.7006 13.788 8.01431
35.6408 13.8011 8.6656
36.6479 13.8274 9.95577
37.7463 13.8681 11.934
7.04951 14.6016 10.7008
8.1132 14.5851 10.1615
9.09231 14.5779 9.93958
10.0592 14.5717 9.74999
11.0266 14.5648 9.53612
11.9703 14.5606 9.41727
12.9063 14.5572 9.32375
13.8355 14.5545 9.25523
14.7628 14.5518 9.18577
15.6887 14.5491 9.11357
16.606 14.5476 9.08671
17.5212 14.5464 9.06764
18.4334 14.5457 9.06523
19.3451 14.5449 9.06281
20.2588 14.5435 9.03677
21.176 14.5406 8.96169
22.0897 14.5383 8.90401
23.0017 14.536 8.84643
23.9118 14.5337 8.79148
24.8203 14.5315 8.7381
25.728 14.5287 8.66501
26.6546 14.5057 7.90015
27.5537 14.499 7.69301
28.4431 14.508 8.02387
29.3392 14.5255 8.6451
30.2436 14.5324 8.90551
31.1502 14.5357 9.04089
32.0892 14.5661 10.1054
33.038 14.5883 10.8909
34.0067 14.6127 11.7543
35.0476 14.6623 13.4801
8.80064 15.3625 11.2121
9.87467 15.3383 10.5938
10.9037 15.3198 10.1266
11.8934 15.3069 9.80663
12.8323 15.3027 9.71924
13.7686 15.2987 9.63373
14.6978 15.2957 9.57687
15.6185 15.2943 9.56418
16.5345 15.294 9.57893
17.453 15.293 9.574
18.3739 15.291 9.54403
19.2969 15.288 9.48695
20.2182 15.285 9.43008
21.1376 15.2821 9.37494
22.0552 15.2792 9.32211
22.9711 15.2765 9.2718
23.8847 15.2742 9.23261
24.7983 15.271 9.17059
25.71 15.2678 9.10941
26.6262 15.257 8.84309
27.5362 15.2464 8.58224
28.4325 15.2671 9.15643
29.341 15.3067 10.2361
11.6767 16.0922 10.9028
12.7391 16.0596 10.2176
13.6803 16.0547 10.1336
14.6254 16.0481 10.0128
15.5562 16.0448 9.96461
16.4801 16.0433 9.95378
17.4049 16.0412 9.93118
18.3308 16.0383 9.89165
19.2554 16.0354 9.85218
20.18 16.032 9.79956
21.1034 16.0284 9.74385
22.0251 16.0248 9.68825
22.9448 16.0214 9.63775
23.8608 16.0196 9.62183
24.7784 16.0157 9.5601
25.6943 16.0118 9.49644
26.6132 16.0004 9.27143
27.5136 16.0203 9.72783
28.4053 16.1275 12.0885
13.5434 16.8341 10.9086
14.567 16.8032 10.3648
15.4944 16.8018 10.3619
16.4213 16.8004 10.3591
17.3496 16.7982 10.3414
18.2783 16.7955 10.314
19.2081 16.7917 10.2677
20.1365 16.7879 10.2211
21.0637 16.784 10.171
21.9895 16.78 10.121
22.9143 16.7756 10.0626
23.8374 16.7711 10.003
24.7583 16.7673 9.95497
25.6743 16.7679 9.98988
26.552 16.8379 11.303
16.3312 17.5779 10.9797
17.2901 17.5641 10.7836
18.2247 17.5603 10.7461
19.158 17.5565 10.7086
20.0913 17.5519 10.6586
21.023 17.5474 10.6098
21.9541 17.5423 10.5501
22.8771 17.5427 10.5794
23.7985 17.5448 10.6368
24.6335 17.6539 12.403
